5
10 26 9
0 1 1
1 2 1
2 3 1
3 4 1
4 5 1
5 6 1
6 7 1
7 8 1
8 9 1
9 0 1
3 6 1
9 4 1
3 1 1
6 1 1
0 4 1
0 7 1
4 8 1
8 3 1
1 8 1
9 1 1
7 2 1
1 5 1
9 3 1
4 6 1
1 4 1
6 2 1
200 5127 51
0 1 1
1 2 1
2 3 1
3 4 1
4 5 1
5 6 1
6 7 1
7 8 1
8 9 1
9 10 1
10 11 1
11 12 1
12 13 1
13 14 1
14 15 1
15 16 1
16 17 1
17 18 1
18 19 1
19 20 1
20 21 1
21 22 1
22 23 1
23 24 1
24 25 1
25 26 1
26 27 1
27 28 1
28 29 1
29 30 1
30 31 1
31 32 1
32 33 1
33 34 1
34 35 1
35 36 1
36 37 1
37 38 1
38 39 1
39 40 1
40 41 1
41 42 1
42 43 1
43 44 1
44 45 1
45 46 1
46 47 1
47 48 1
48 49 1
49 50 1
50 51 1
51 52 1
52 53 1
53 54 1
54 55 1
55 56 1
56 57 1
57 58 1
58 59 1
59 60 1
60 61 1
61 62 1
62 63 1
63 64 1
64 65 1
65 66 1
66 67 1
67 68 1
68 69 1
69 70 1
70 71 1
71 72 1
72 73 1
73 74 1
74 75 1
75 76 1
76 77 1
77 78 1
78 79 1
79 80 1
80 81 1
81 82 1
82 83 1
83 84 1
84 85 1
85 86 1
86 87 1
87 88 1
88 89 1
89 90 1
90 91 1
91 92 1
92 93 1
93 94 1
94 95 1
95 96 1
96 97 1
97 98 1
98 99 1
99 100 1
100 101 1
101 102 1
102 103 1
103 104 1
104 105 1
105 106 1
106 107 1
107 108 1
108 109 1
109 110 1
110 111 1
111 112 1
112 113 1
113 114 1
114 115 1
115 116 1
116 117 1
117 118 1
118 119 1
119 120 1
120 121 1
121 122 1
122 123 1
123 124 1
124 125 1
125 126 1
126 127 1
127 128 1
128 129 1
129 130 1
130 131 1
131 132 1
132 133 1
133 134 1
134 135 1
135 136 1
136 137 1
137 138 1
138 139 1
139 140 1
140 141 1
141 142 1
142 143 1
143 144 1
144 145 1
145 146 1
146 147 1
147 148 1
148 149 1
149 150 1
150 151 1
151 152 1
152 153 1
153 154 1
154 155 1
155 156 1
156 157 1
157 158 1
158 159 1
159 160 1
160 161 1
161 162 1
162 163 1
163 164 1
164 165 1
165 166 1
166 167 1
167 168 1
168 169 1
169 170 1
170 171 1
171 172 1
172 173 1
173 174 1
174 175 1
175 176 1
176 177 1
177 178 1
178 179 1
179 180 1
180 181 1
181 182 1
182 183 1
183 184 1
184 185 1
185 186 1
186 187 1
187 188 1
188 189 1
189 190 1
190 191 1
191 192 1
192 193 1
193 194 1
194 195 1
195 196 1
196 197 1
197 198 1
198 199 1
199 0 1
177 43 1
125 16 1
79 21 1
190 155 1
132 173 1
189 4 1
167 73 1
178 36 1
21 10 1
137 146 1
110 190 1
142 145 1
9 151 1
127 116 1
163 76 1
44 141 1
140 127 1
90 1 1
114 127 1
193 96 1
170 182 1
3 156 1
180 118 1
62 1 1
47 95 1
187 148 1
37 12 1
23 86 1
104 7 1
114 3 1
173 98 1
199 61 1
192 8 1
195 79 1
72 194 1
146 159 1
4 190 1
142 75 1
70 86 1
137 192 1
191 157 1
181 127 1
51 71 1
137 1 1
190 105 1
143 100 1
104 70 1
36 62 1
189 84 1
136 17 1
40 95 1
63 192 1
113 44 1
119 9 1
76 72 1
131 19 1
188 186 1
174 170 1
7 55 1
180 81 1
44 133 1
6 128 1
51 58 1
21 78 1
44 69 1
129 192 1
114 28 1
193 34 1
41 8 1
38 149 1
86 78 1
107 82 1
198 120 1
112 174 1
10 116 1
56 143 1
41 163 1
111 182 1
126 92 1
184 69 1
100 193 1
77 187 1
167 163 1
192 14 1
125 194 1
82 128 1
132 167 1
46 14 1
121 11 1
171 70 1
36 130 1
181 115 1
57 95 1
82 70 1
93 188 1
29 34 1
37 27 1
86 34 1
84 51 1
163 130 1
93 81 1
191 68 1
81 58 1
115 4 1
18 56 1
50 101 1
97 139 1
161 125 1
126 11 1
150 118 1
190 11 1
95 87 1
49 143 1
135 107 1
28 90 1
118 96 1
197 89 1
182 75 1
22 124 1
21 41 1
139 30 1
15 25 1
151 194 1
171 145 1
20 177 1
42 134 1
81 1 1
195 128 1
145 40 1
91 13 1
90 130 1
43 148 1
107 71 1
74 149 1
2 57 1
4 127 1
172 124 1
83 122 1
46 38 1
133 175 1
164 17 1
79 141 1
80 151 1
49 149 1
37 166 1
105 15 1
100 132 1
188 30 1
23 156 1
42 82 1
100 145 1
1 45 1
93 171 1
13 41 1
133 112 1
159 167 1
133 164 1
59 35 1
33 140 1
7 158 1
28 72 1
177 179 1
163 111 1
32 167 1
129 175 1
174 67 1
166 29 1
75 27 1
29 10 1
141 92 1
102 175 1
24 18 1
89 154 1
97 103 1
93 73 1
47 11 1
40 118 1
83 64 1
119 172 1
79 197 1
32 74 1
6 94 1
118 77 1
19 90 1
29 58 1
84 53 1
175 44 1
0 110 1
14 99 1
46 171 1
179 78 1
144 116 1
47 42 1
112 198 1
144 147 1
34 9 1
157 130 1
83 20 1
13 112 1
88 128 1
93 3 1
81 30 1
183 4 1
78 117 1
108 62 1
85 106 1
130 25 1
178 81 1
31 141 1
149 155 1
56 108 1
16 169 1
28 134 1
194 86 1
77 4 1
132 181 1
84 166 1
134 181 1
135 3 1
194 64 1
1 69 1
70 43 1
144 22 1
49 117 1
151 109 1
169 180 1
41 87 1
73 123 1
8 89 1
17 28 1
189 165 1
94 164 1
184 108 1
76 135 1
25 123 1
97 130 1
128 32 1
187 88 1
115 119 1
189 86 1
102 144 1
94 195 1
16 155 1
34 138 1
99 167 1
94 163 1
52 31 1
182 193 1
84 103 1
89 76 1
46 85 1
183 178 1
130 155 1
34 97 1
177 36 1
51 105 1
122 85 1
142 104 1
13 118 1
168 101 1
158 65 1
24 17 1
83 186 1
100 107 1
25 55 1
118 163 1
77 139 1
135 129 1
79 117 1
57 119 1
171 110 1
115 60 1
139 83 1
89 106 1
55 128 1
11 163 1
151 62 1
103 199 1
82 53 1
1 177 1
152 62 1
169 4 1
53 138 1
174 31 1
14 191 1
98 152 1
57 189 1
38 40 1
112 179 1
72 51 1
87 176 1
9 172 1
23 191 1
52 134 1
169 65 1
148 141 1
6 73 1
77 54 1
127 13 1
6 37 1
145 9 1
29 14 1
115 88 1
187 166 1
75 5 1
122 138 1
141 30 1
188 112 1
117 43 1
190 125 1
16 94 1
13 102 1
110 3 1
135 123 1
107 33 1
110 25 1
150 186 1
112 167 1
177 168 1
42 156 1
26 80 1
63 47 1
65 163 1
51 62 1
115 34 1
93 163 1
150 187 1
116 28 1
79 114 1
1 98 1
153 177 1
14 170 1
141 93 1
130 164 1
70 53 1
151 106 1
163 191 1
47 73 1
167 38 1
106 18 1
117 96 1
122 87 1
136 166 1
26 147 1
144 195 1
151 175 1
121 194 1
171 151 1
111 181 1
48 68 1
15 91 1
35 195 1
26 33 1
135 22 1
195 117 1
59 177 1
147 118 1
70 79 1
106 8 1
123 126 1
49 47 1
8 97 1
126 18 1
51 21 1
48 2 1
182 22 1
4 123 1
58 106 1
63 122 1
19 86 1
21 191 1
19 40 1
129 21 1
49 68 1
53 112 1
53 198 1
177 18 1
23 89 1
156 95 1
53 148 1
23 40 1
119 100 1
93 151 1
170 57 1
83 177 1
6 173 1
7 127 1
167 12 1
122 55 1
41 141 1
26 91 1
161 24 1
194 17 1
138 16 1
62 181 1
158 83 1
42 4 1
174 63 1
170 154 1
131 151 1
120 71 1
45 63 1
81 38 1
52 76 1
65 166 1
38 47 1
32 28 1
168 68 1
12 168 1
104 62 1
65 71 1
146 142 1
151 57 1
90 11 1
188 124 1
114 188 1
137 177 1
140 188 1
16 53 1
98 37 1
166 66 1
115 112 1
110 95 1
185 155 1
159 182 1
89 180 1
30 5 1
91 37 1
47 79 1
91 1 1
0 147 1
174 159 1
182 101 1
193 196 1
93 172 1
199 189 1
58 116 1
113 134 1
147 188 1
105 163 1
197 50 1
12 39 1
15 186 1
64 182 1
0 145 1
192 32 1
121 128 1
152 117 1
109 97 1
78 75 1
76 7 1
52 42 1
144 105 1
36 151 1
67 175 1
196 77 1
31 178 1
157 174 1
83 50 1
75 100 1
49 137 1
86 63 1
32 152 1
174 122 1
33 169 1
100 38 1
56 42 1
51 125 1
181 151 1
79 50 1
180 11 1
61 7 1
2 16 1
115 63 1
138 141 1
57 85 1
175 31 1
168 45 1
74 20 1
138 161 1
125 28 1
139 126 1
65 152 1
166 9 1
157 128 1
10 132 1
49 79 1
47 198 1
114 138 1
148 25 1
198 73 1
75 109 1
98 133 1
31 29 1
82 43 1
92 185 1
34 143 1
80 132 1
90 100 1
136 167 1
135 195 1
14 165 1
87 19 1
58 0 1
101 56 1
103 100 1
39 119 1
56 171 1
108 168 1
178 121 1
9 125 1
19 168 1
118 115 1
43 79 1
154 6 1
146 185 1
154 86 1
185 94 1
156 27 1
44 161 1
165 182 1
160 22 1
43 107 1
97 88 1
112 27 1
31 104 1
98 119 1
132 55 1
24 117 1
43 120 1
176 2 1
39 125 1
166 129 1
69 25 1
55 179 1
12 142 1
23 183 1
107 128 1
168 92 1
53 130 1
45 165 1
33 199 1
142 4 1
60 180 1
188 34 1
187 116 1
159 93 1
51 19 1
53 68 1
180 95 1
94 79 1
190 84 1
62 74 1
10 104 1
27 171 1
84 111 1
104 82 1
160 143 1
105 57 1
82 173 1
48 116 1
130 82 1
88 179 1
160 65 1
79 181 1
173 74 1
89 72 1
42 188 1
98 22 1
180 14 1
188 137 1
49 31 1
123 43 1
172 6 1
101 111 1
135 188 1
142 116 1
113 90 1
138 19 1
6 93 1
108 63 1
23 57 1
143 173 1
9 20 1
51 60 1
122 170 1
139 54 1
41 18 1
132 103 1
30 46 1
88 102 1
98 8 1
172 74 1
71 28 1
175 182 1
75 33 1
76 32 1
2 188 1
145 7 1
178 150 1
81 107 1
151 193 1
174 104 1
37 143 1
148 30 1
51 173 1
131 18 1
51 189 1
101 64 1
13 44 1
169 115 1
55 97 1
174 130 1
39 5 1
45 177 1
180 172 1
71 148 1
185 67 1
199 49 1
12 66 1
9 110 1
126 77 1
170 96 1
155 181 1
58 150 1
157 188 1
96 133 1
188 89 1
68 125 1
17 40 1
19 196 1
179 190 1
62 42 1
122 164 1
116 181 1
65 1 1
186 54 1
33 173 1
96 27 1
198 22 1
95 135 1
110 46 1
84 65 1
139 100 1
31 24 1
155 9 1
143 154 1
121 22 1
191 106 1
38 92 1
78 100 1
49 46 1
148 94 1
68 155 1
171 52 1
48 44 1
117 143 1
144 111 1
127 113 1
115 32 1
52 175 1
29 150 1
198 79 1
191 161 1
88 152 1
36 132 1
113 108 1
148 60 1
69 151 1
142 198 1
190 92 1
82 126 1
86 103 1
185 121 1
197 148 1
159 52 1
84 148 1
0 177 1
47 155 1
43 31 1
182 51 1
136 182 1
140 42 1
62 125 1
57 185 1
63 106 1
104 86 1
81 23 1
61 135 1
164 71 1
37 181 1
53 153 1
154 75 1
62 115 1
31 28 1
167 147 1
9 27 1
20 183 1
97 51 1
85 9 1
196 91 1
18 183 1
72 129 1
21 28 1
193 56 1
8 16 1
165 170 1
2 166 1
148 39 1
12 15 1
116 173 1
184 166 1
36 171 1
104 169 1
123 140 1
4 66 1
165 41 1
77 165 1
121 182 1
84 199 1
144 47 1
84 134 1
187 159 1
175 33 1
130 93 1
56 2 1
113 76 1
44 159 1
145 14 1
26 131 1
153 85 1
171 20 1
46 66 1
111 71 1
53 6 1
19 24 1
105 110 1
66 127 1
49 39 1
112 66 1
63 65 1
48 121 1
13 33 1
53 11 1
82 151 1
97 44 1
35 8 1
35 57 1
41 110 1
107 155 1
195 101 1
38 95 1
40 131 1
73 75 1
168 133 1
118 82 1
104 120 1
190 178 1
132 39 1
172 182 1
77 184 1
101 61 1
70 58 1
182 66 1
168 62 1
39 29 1
9 129 1
31 8 1
97 112 1
32 12 1
8 53 1
60 92 1
50 162 1
0 178 1
21 139 1
135 58 1
53 49 1
194 36 1
46 172 1
175 189 1
82 56 1
0 192 1
2 83 1
134 120 1
130 142 1
21 154 1
145 147 1
174 110 1
98 174 1
75 193 1
49 115 1
26 199 1
115 110 1
146 169 1
101 38 1
59 137 1
98 105 1
11 61 1
48 5 1
194 190 1
198 8 1
116 133 1
171 176 1
41 129 1
25 53 1
65 168 1
147 156 1
11 28 1
162 77 1
175 40 1
46 15 1
195 107 1
35 186 1
132 116 1
98 165 1
77 151 1
113 73 1
174 70 1
67 116 1
144 148 1
52 14 1
142 5 1
105 171 1
69 186 1
75 85 1
51 171 1
25 96 1
17 98 1
172 91 1
80 53 1
53 188 1
182 90 1
127 102 1
120 176 1
139 105 1
140 48 1
84 131 1
186 13 1
68 194 1
141 50 1
6 137 1
149 163 1
132 51 1
199 116 1
165 113 1
127 137 1
153 169 1
99 142 1
111 80 1
34 48 1
86 120 1
188 35 1
91 69 1
164 60 1
155 132 1
26 150 1
159 116 1
196 164 1
180 107 1
89 35 1
81 192 1
198 145 1
178 65 1
197 188 1
37 116 1
111 48 1
72 168 1
120 53 1
193 22 1
110 161 1
181 46 1
5 173 1
7 71 1
23 50 1
146 1 1
133 53 1
90 162 1
87 98 1
49 140 1
192 189 1
12 166 1
177 5 1
8 66 1
4 54 1
196 145 1
199 25 1
73 70 1
11 87 1
56 73 1
166 111 1
90 165 1
142 180 1
126 35 1
39 74 1
22 128 1
75 69 1
159 12 1
83 69 1
132 108 1
56 61 1
79 48 1
178 87 1
67 105 1
15 7 1
170 98 1
40 12 1
66 171 1
34 50 1
13 192 1
137 51 1
157 69 1
42 76 1
33 151 1
35 177 1
71 147 1
159 99 1
129 88 1
66 188 1
149 2 1
198 105 1
73 65 1
93 144 1
143 137 1
109 188 1
191 170 1
65 109 1
17 181 1
11 118 1
119 125 1
139 45 1
45 49 1
28 89 1
161 8 1
7 198 1
48 147 1
51 78 1
196 96 1
176 136 1
31 20 1
73 20 1
15 168 1
182 128 1
128 124 1
113 191 1
163 193 1
178 131 1
109 18 1
24 108 1
131 80 1
187 158 1
65 61 1
107 143 1
89 177 1
14 4 1
199 51 1
135 181 1
192 71 1
1 24 1
63 129 1
69 0 1
132 188 1
36 115 1
115 194 1
178 116 1
61 1 1
30 177 1
17 37 1
126 25 1
0 160 1
26 103 1
77 91 1
172 81 1
15 143 1
135 187 1
72 1 1
184 189 1
197 142 1
59 179 1
151 0 1
39 107 1
80 31 1
180 148 1
58 131 1
75 117 1
165 168 1
79 28 1
48 67 1
163 152 1
10 77 1
33 70 1
49 198 1
83 36 1
24 127 1
195 131 1
178 157 1
14 79 1
74 143 1
182 152 1
2 54 1
102 117 1
118 98 1
56 77 1
125 70 1
28 193 1
38 186 1
177 134 1
71 144 1
17 66 1
100 49 1
72 68 1
53 121 1
109 17 1
56 160 1
13 157 1
98 18 1
19 167 1
152 154 1
12 176 1
11 66 1
163 68 1
51 126 1
128 178 1
123 130 1
103 81 1
165 64 1
46 11 1
79 39 1
38 127 1
79 32 1
142 193 1
115 75 1
148 21 1
132 162 1
198 180 1
68 156 1
128 86 1
101 93 1
46 9 1
172 179 1
197 104 1
46 60 1
149 56 1
137 134 1
25 95 1
38 71 1
137 24 1
123 59 1
164 162 1
72 36 1
91 70 1
43 151 1
131 59 1
146 165 1
140 21 1
84 17 1
14 113 1
181 174 1
121 193 1
73 104 1
121 55 1
195 182 1
31 50 1
127 154 1
171 85 1
142 196 1
182 186 1
37 175 1
31 1 1
65 99 1
124 105 1
34 60 1
132 118 1
157 4 1
139 4 1
127 85 1
125 75 1
70 129 1
190 163 1
66 102 1
178 2 1
5 60 1
136 68 1
62 144 1
52 90 1
76 142 1
46 182 1
169 114 1
133 85 1
133 176 1
159 134 1
29 142 1
189 147 1
147 166 1
35 46 1
16 192 1
56 135 1
1 41 1
69 58 1
137 116 1
46 134 1
192 40 1
32 27 1
151 63 1
85 188 1
191 153 1
77 83 1
99 60 1
196 66 1
66 152 1
120 32 1
159 149 1
153 170 1
32 52 1
110 6 1
21 156 1
10 57 1
174 29 1
70 199 1
145 114 1
190 36 1
105 146 1
181 107 1
107 16 1
31 54 1
136 193 1
27 30 1
40 71 1
153 142 1
43 193 1
195 86 1
22 70 1
76 73 1
49 187 1
119 33 1
70 100 1
121 41 1
4 104 1
102 112 1
55 58 1
102 16 1
147 35 1
77 119 1
63 128 1
167 148 1
104 5 1
114 42 1
144 191 1
0 101 1
112 82 1
150 181 1
13 154 1
100 146 1
40 107 1
114 37 1
121 110 1
119 186 1
18 82 1
123 90 1
163 88 1
98 58 1
144 154 1
52 96 1
145 97 1
9 117 1
138 15 1
199 42 1
81 85 1
178 83 1
73 45 1
154 123 1
85 18 1
51 124 1
31 68 1
171 19 1
6 153 1
64 186 1
21 160 1
27 153 1
134 165 1
0 112 1
94 165 1
180 128 1
148 80 1
163 188 1
145 78 1
181 26 1
103 172 1
97 79 1
59 81 1
195 34 1
197 101 1
106 39 1
114 18 1
197 119 1
87 197 1
160 181 1
0 198 1
17 60 1
146 21 1
72 184 1
126 72 1
62 123 1
167 51 1
5 113 1
55 199 1
152 109 1
33 102 1
136 20 1
66 116 1
9 143 1
87 163 1
113 74 1
93 181 1
121 171 1
49 176 1
12 86 1
78 171 1
146 197 1
172 86 1
173 101 1
147 112 1
104 11 1
67 132 1
105 92 1
35 192 1
77 13 1
157 131 1
18 135 1
54 37 1
5 122 1
84 46 1
45 28 1
95 36 1
102 138 1
198 96 1
44 125 1
174 43 1
104 97 1
95 122 1
64 103 1
121 72 1
52 34 1
24 133 1
92 191 1
50 43 1
183 112 1
120 179 1
103 31 1
80 164 1
54 69 1
120 169 1
177 133 1
108 15 1
156 107 1
153 165 1
86 127 1
123 164 1
78 159 1
6 132 1
190 16 1
32 195 1
91 187 1
126 142 1
61 100 1
86 47 1
93 31 1
122 92 1
66 140 1
23 140 1
39 121 1
145 17 1
100 74 1
110 59 1
21 76 1
1 64 1
46 165 1
62 188 1
139 107 1
111 81 1
116 29 1
169 151 1
27 49 1
42 130 1
105 72 1
35 67 1
156 24 1
78 91 1
70 28 1
41 103 1
99 68 1
41 80 1
129 61 1
127 125 1
131 116 1
106 144 1
136 132 1
29 143 1
7 30 1
75 156 1
32 119 1
28 97 1
162 106 1
164 84 1
112 29 1
67 3 1
153 43 1
35 62 1
121 100 1
41 28 1
183 181 1
59 34 1
114 149 1
46 170 1
103 117 1
0 91 1
65 3 1
138 199 1
79 82 1
164 198 1
26 198 1
87 5 1
181 152 1
161 128 1
95 130 1
120 130 1
103 187 1
0 93 1
161 43 1
84 86 1
187 137 1
147 39 1
181 194 1
192 119 1
0 140 1
106 104 1
119 67 1
167 146 1
126 62 1
15 53 1
72 85 1
124 96 1
28 184 1
174 9 1
141 124 1
183 168 1
153 52 1
131 171 1
167 130 1
168 81 1
149 174 1
67 91 1
121 46 1
140 80 1
30 55 1
146 72 1
152 139 1
82 155 1
92 147 1
164 51 1
138 127 1
94 31 1
21 186 1
188 92 1
97 179 1
137 36 1
89 198 1
178 74 1
119 163 1
142 94 1
53 21 1
160 174 1
54 182 1
99 129 1
26 30 1
199 176 1
172 44 1
178 47 1
87 157 1
158 97 1
27 149 1
36 174 1
160 156 1
168 58 1
160 110 1
86 192 1
18 39 1
140 115 1
79 145 1
195 178 1
129 110 1
55 148 1
60 66 1
36 52 1
125 179 1
114 148 1
88 78 1
30 75 1
132 17 1
122 1 1
142 97 1
87 58 1
17 149 1
102 65 1
157 109 1
173 58 1
74 144 1
30 25 1
102 19 1
93 155 1
184 66 1
86 107 1
83 89 1
5 2 1
26 116 1
27 158 1
49 65 1
1 183 1
122 149 1
31 83 1
139 158 1
133 179 1
2 75 1
185 64 1
160 103 1
32 181 1
2 144 1
146 67 1
102 122 1
130 80 1
51 102 1
160 89 1
196 144 1
173 165 1
9 21 1
174 102 1
159 30 1
61 48 1
173 115 1
87 167 1
28 115 1
162 54 1
58 115 1
180 20 1
14 62 1
64 100 1
92 134 1
93 109 1
91 73 1
48 89 1
62 24 1
115 73 1
152 101 1
11 3 1
61 120 1
114 155 1
125 18 1
60 195 1
149 184 1
71 68 1
153 31 1
86 182 1
65 129 1
63 193 1
142 69 1
96 141 1
85 0 1
89 152 1
161 196 1
122 48 1
67 10 1
141 45 1
192 103 1
169 108 1
67 179 1
99 158 1
156 16 1
2 44 1
27 57 1
167 80 1
144 21 1
107 60 1
168 140 1
199 74 1
83 49 1
162 67 1
139 113 1
78 156 1
28 93 1
146 168 1
114 36 1
98 42 1
20 30 1
60 116 1
96 126 1
103 157 1
144 68 1
68 73 1
150 168 1
51 45 1
162 190 1
130 11 1
34 160 1
69 78 1
149 32 1
156 88 1
126 19 1
156 167 1
55 63 1
97 147 1
49 99 1
199 91 1
187 10 1
156 15 1
38 29 1
105 80 1
187 11 1
157 150 1
179 41 1
70 7 1
98 132 1
184 163 1
63 137 1
25 46 1
18 15 1
98 31 1
169 198 1
85 71 1
190 58 1
116 103 1
11 1 1
189 47 1
141 177 1
116 51 1
98 102 1
16 116 1
101 135 1
182 44 1
136 6 1
93 56 1
100 181 1
130 37 1
159 15 1
82 167 1
4 158 1
41 199 1
44 19 1
2 103 1
172 170 1
44 64 1
24 115 1
85 175 1
85 43 1
80 23 1
102 77 1
116 167 1
9 38 1
168 124 1
28 121 1
3 169 1
42 12 1
26 112 1
154 28 1
75 152 1
120 165 1
191 48 1
136 54 1
140 114 1
145 173 1
92 36 1
95 39 1
32 139 1
90 160 1
54 0 1
25 88 1
163 3 1
174 127 1
85 78 1
71 180 1
2 21 1
1 27 1
142 90 1
3 191 1
194 76 1
145 110 1
31 132 1
126 0 1
126 164 1
169 123 1
91 164 1
183 108 1
22 54 1
180 62 1
24 183 1
39 128 1
154 121 1
113 70 1
114 68 1
194 168 1
190 181 1
190 74 1
198 139 1
112 92 1
190 130 1
32 20 1
133 158 1
171 144 1
150 4 1
24 129 1
89 47 1
113 194 1
136 185 1
49 26 1
181 11 1
149 162 1
152 103 1
20 103 1
71 162 1
28 77 1
74 48 1
190 145 1
29 3 1
67 177 1
6 25 1
119 81 1
134 111 1
150 159 1
6 160 1
76 150 1
11 44 1
179 45 1
103 121 1
52 21 1
55 18 1
41 133 1
3 160 1
68 171 1
97 119 1
108 138 1
97 115 1
124 77 1
161 84 1
8 153 1
80 118 1
163 138 1
91 47 1
43 199 1
104 135 1
86 146 1
143 70 1
112 155 1
42 5 1
178 164 1
56 23 1
17 87 1
146 68 1
18 36 1
93 116 1
165 63 1
111 106 1
117 199 1
68 18 1
69 176 1
127 77 1
23 186 1
105 40 1
195 8 1
71 155 1
56 68 1
46 167 1
48 135 1
140 113 1
26 2 1
136 90 1
149 89 1
15 183 1
76 119 1
6 67 1
44 28 1
53 155 1
129 96 1
13 20 1
151 133 1
65 40 1
44 123 1
51 56 1
186 154 1
20 105 1
65 12 1
187 87 1
78 186 1
88 169 1
48 28 1
112 109 1
101 19 1
193 68 1
34 141 1
196 188 1
92 7 1
191 7 1
199 155 1
85 156 1
133 91 1
82 197 1
193 124 1
2 81 1
129 42 1
57 107 1
169 113 1
76 174 1
151 190 1
78 1 1
168 163 1
121 166 1
29 25 1
97 164 1
189 137 1
150 129 1
61 24 1
186 189 1
84 32 1
127 107 1
141 61 1
66 191 1
121 76 1
51 162 1
1 56 1
37 2 1
21 46 1
169 195 1
78 62 1
35 38 1
111 87 1
1 74 1
73 107 1
118 10 1
27 76 1
103 196 1
103 150 1
27 167 1
33 48 1
75 59 1
198 173 1
9 120 1
84 129 1
67 127 1
162 53 1
111 14 1
110 126 1
36 46 1
178 145 1
10 143 1
115 145 1
181 64 1
36 79 1
166 115 1
32 106 1
66 136 1
136 31 1
63 1 1
28 186 1
133 15 1
93 158 1
145 51 1
74 177 1
144 15 1
49 124 1
185 62 1
9 193 1
92 64 1
13 197 1
74 91 1
139 185 1
28 199 1
190 43 1
89 16 1
58 67 1
2 66 1
22 99 1
41 104 1
198 21 1
18 117 1
33 60 1
192 31 1
120 132 1
50 96 1
129 59 1
0 7 1
146 132 1
145 158 1
106 33 1
30 125 1
181 97 1
85 192 1
142 195 1
126 109 1
34 162 1
10 184 1
26 161 1
38 18 1
65 193 1
186 71 1
143 80 1
165 36 1
7 167 1
127 105 1
94 183 1
59 169 1
77 159 1
193 82 1
22 39 1
153 80 1
92 156 1
59 7 1
20 16 1
33 164 1
16 133 1
7 115 1
184 137 1
7 114 1
43 114 1
181 67 1
22 110 1
58 127 1
161 159 1
185 37 1
54 70 1
87 198 1
41 51 1
113 153 1
148 81 1
160 107 1
22 74 1
59 180 1
98 44 1
74 193 1
109 85 1
119 90 1
110 20 1
37 179 1
169 80 1
154 99 1
179 40 1
107 13 1
43 39 1
117 87 1
25 176 1
120 168 1
76 198 1
4 6 1
194 96 1
184 65 1
40 162 1
163 176 1
62 127 1
190 195 1
192 7 1
50 80 1
29 9 1
111 167 1
103 186 1
153 69 1
68 134 1
34 2 1
4 86 1
176 109 1
120 38 1
115 26 1
115 12 1
3 41 1
0 80 1
170 160 1
67 130 1
89 68 1
149 195 1
93 160 1
172 77 1
27 59 1
106 76 1
156 101 1
53 33 1
181 3 1
30 82 1
177 86 1
122 88 1
118 53 1
60 35 1
33 118 1
35 11 1
182 12 1
71 50 1
130 94 1
95 107 1
158 161 1
100 153 1
157 114 1
64 72 1
176 115 1
118 20 1
104 148 1
123 97 1
60 68 1
37 163 1
179 184 1
124 12 1
62 154 1
44 136 1
175 128 1
128 156 1
169 136 1
19 79 1
87 38 1
99 20 1
49 40 1
103 78 1
139 69 1
151 19 1
88 50 1
53 40 1
183 187 1
19 12 1
194 28 1
103 94 1
138 49 1
36 11 1
93 29 1
157 138 1
72 171 1
39 20 1
162 185 1
195 21 1
30 89 1
80 54 1
61 174 1
191 30 1
29 27 1
87 49 1
79 120 1
18 54 1
80 99 1
18 146 1
20 182 1
146 60 1
11 69 1
59 143 1
104 129 1
23 192 1
18 6 1
192 141 1
128 110 1
88 123 1
46 158 1
89 139 1
136 25 1
82 6 1
120 20 1
157 18 1
134 122 1
167 133 1
185 105 1
8 81 1
97 13 1
44 169 1
22 131 1
190 89 1
66 190 1
147 196 1
83 142 1
4 33 1
182 184 1
36 189 1
41 158 1
136 157 1
193 176 1
35 43 1
78 123 1
103 95 1
96 199 1
54 65 1
68 26 1
158 62 1
9 108 1
42 78 1
173 108 1
117 184 1
128 185 1
181 118 1
130 177 1
36 122 1
47 168 1
34 127 1
141 95 1
79 96 1
109 95 1
71 22 1
199 5 1
112 98 1
104 59 1
33 8 1
126 9 1
41 76 1
169 137 1
135 35 1
50 28 1
128 101 1
2 173 1
118 60 1
158 151 1
154 8 1
164 56 1
196 163 1
81 66 1
139 68 1
145 39 1
64 145 1
186 170 1
115 87 1
143 123 1
193 139 1
117 150 1
76 99 1
132 12 1
77 188 1
9 170 1
52 144 1
135 77 1
47 3 1
89 20 1
173 73 1
108 61 1
9 139 1
52 1 1
112 192 1
48 157 1
103 59 1
199 130 1
42 63 1
141 49 1
108 194 1
129 182 1
89 101 1
57 110 1
76 155 1
97 63 1
39 13 1
176 27 1
20 106 1
26 191 1
60 67 1
11 195 1
164 24 1
184 144 1
45 14 1
16 179 1
93 32 1
11 117 1
137 190 1
122 54 1
55 92 1
135 112 1
7 188 1
186 168 1
176 62 1
4 141 1
181 108 1
50 59 1
21 112 1
186 179 1
161 190 1
169 31 1
40 81 1
57 97 1
101 192 1
173 96 1
190 133 1
76 153 1
199 97 1
153 92 1
157 20 1
79 113 1
191 28 1
93 77 1
124 115 1
175 145 1
33 38 1
30 172 1
58 91 1
97 48 1
188 99 1
27 3 1
136 65 1
46 39 1
26 169 1
168 67 1
90 36 1
69 99 1
114 99 1
166 62 1
162 122 1
193 127 1
73 63 1
113 23 1
5 19 1
95 176 1
117 161 1
113 133 1
92 100 1
26 160 1
72 94 1
58 156 1
175 20 1
19 137 1
31 4 1
185 54 1
121 137 1
67 22 1
81 57 1
173 43 1
96 177 1
55 38 1
91 39 1
109 13 1
195 49 1
115 10 1
90 109 1
85 147 1
194 58 1
21 68 1
72 67 1
19 147 1
157 84 1
115 23 1
52 187 1
22 38 1
165 74 1
109 39 1
113 36 1
91 31 1
175 142 1
171 191 1
31 64 1
3 149 1
135 130 1
39 6 1
138 4 1
63 46 1
93 85 1
50 52 1
45 116 1
35 54 1
116 130 1
48 60 1
183 26 1
33 17 1
86 185 1
55 81 1
190 177 1
125 188 1
105 82 1
91 183 1
179 128 1
60 196 1
153 78 1
22 166 1
97 197 1
39 166 1
77 180 1
53 99 1
41 97 1
100 68 1
126 33 1
35 111 1
77 45 1
192 80 1
0 70 1
198 194 1
69 10 1
60 153 1
52 183 1
112 139 1
128 198 1
47 41 1
119 168 1
151 16 1
21 110 1
29 62 1
140 18 1
7 144 1
81 15 1
49 159 1
140 5 1
25 152 1
180 133 1
49 95 1
199 137 1
92 166 1
83 173 1
126 87 1
18 93 1
13 53 1
107 7 1
193 158 1
80 102 1
195 69 1
143 183 1
93 33 1
121 97 1
185 58 1
90 148 1
109 194 1
163 141 1
141 137 1
5 57 1
103 193 1
161 123 1
124 62 1
189 52 1
79 12 1
111 141 1
25 34 1
9 66 1
172 11 1
57 86 1
194 71 1
75 90 1
47 58 1
139 114 1
84 178 1
15 141 1
110 37 1
161 177 1
136 58 1
63 36 1
1 187 1
72 113 1
129 196 1
77 38 1
84 114 1
186 25 1
141 23 1
158 196 1
148 119 1
115 132 1
183 102 1
154 120 1
167 196 1
77 20 1
138 54 1
172 115 1
150 161 1
197 168 1
151 112 1
46 73 1
178 186 1
168 118 1
81 22 1
10 130 1
166 91 1
50 179 1
35 48 1
72 82 1
85 145 1
170 0 1
89 183 1
168 176 1
61 160 1
7 156 1
58 95 1
166 42 1
19 172 1
123 109 1
141 28 1
122 38 1
120 47 1
199 44 1
68 38 1
19 103 1
16 54 1
38 184 1
43 181 1
127 178 1
125 130 1
68 107 1
83 141 1
47 29 1
80 18 1
117 74 1
112 17 1
153 117 1
64 159 1
172 189 1
115 105 1
54 62 1
42 178 1
12 16 1
41 2 1
72 199 1
16 196 1
7 17 1
69 18 1
37 136 1
91 82 1
26 45 1
4 11 1
48 179 1
40 165 1
169 190 1
97 23 1
133 70 1
178 187 1
62 37 1
71 26 1
45 76 1
64 147 1
72 139 1
67 106 1
72 79 1
151 155 1
53 91 1
77 149 1
25 48 1
20 161 1
107 140 1
38 166 1
31 130 1
88 77 1
60 93 1
127 166 1
30 157 1
89 137 1
75 29 1
81 47 1
2 99 1
25 167 1
39 137 1
42 93 1
155 29 1
25 104 1
188 190 1
130 74 1
20 127 1
131 162 1
124 126 1
129 126 1
99 18 1
70 131 1
28 86 1
27 89 1
138 154 1
53 161 1
93 106 1
38 61 1
45 0 1
85 90 1
62 170 1
44 41 1
74 70 1
15 89 1
91 114 1
0 135 1
169 138 1
100 133 1
98 148 1
44 131 1
197 7 1
114 175 1
37 158 1
141 37 1
172 144 1
47 78 1
63 113 1
54 195 1
1 33 1
41 146 1
14 24 1
197 169 1
96 158 1
135 163 1
149 28 1
44 184 1
89 7 1
58 102 1
7 98 1
100 88 1
112 88 1
82 152 1
61 55 1
100 111 1
197 139 1
130 32 1
104 146 1
152 157 1
182 31 1
187 83 1
88 23 1
125 149 1
63 71 1
143 77 1
111 40 1
14 133 1
167 120 1
9 65 1
84 181 1
142 169 1
31 125 1
112 191 1
169 175 1
35 154 1
128 79 1
10 133 1
123 127 1
10 14 1
188 8 1
89 67 1
172 71 1
23 129 1
24 73 1
76 177 1
191 62 1
186 190 1
95 117 1
42 195 1
184 133 1
128 17 1
133 128 1
20 162 1
165 111 1
108 90 1
94 3 1
173 22 1
113 183 1
141 20 1
154 189 1
7 111 1
13 1 1
153 111 1
91 76 1
182 132 1
104 3 1
33 27 1
128 8 1
188 10 1
60 55 1
151 81 1
127 36 1
36 73 1
55 107 1
75 186 1
128 120 1
26 184 1
183 21 1
78 199 1
172 181 1
106 57 1
186 56 1
7 18 1
124 74 1
115 9 1
131 186 1
142 129 1
111 72 1
184 115 1
49 56 1
180 195 1
80 63 1
108 177 1
28 109 1
15 37 1
40 76 1
58 183 1
37 145 1
181 29 1
85 136 1
47 57 1
29 76 1
53 114 1
87 40 1
175 186 1
31 191 1
83 127 1
44 155 1
7 166 1
65 172 1
137 109 1
165 167 1
137 119 1
80 177 1
9 150 1
81 122 1
60 98 1
75 7 1
152 5 1
22 125 1
109 144 1
109 192 1
173 138 1
191 63 1
97 133 1
157 95 1
106 195 1
1 85 1
46 40 1
15 161 1
24 182 1
57 28 1
174 124 1
2 84 1
115 103 1
86 64 1
55 46 1
177 156 1
123 7 1
132 45 1
20 101 1
36 84 1
24 86 1
46 4 1
146 127 1
193 156 1
164 63 1
63 81 1
49 132 1
38 96 1
75 71 1
70 48 1
144 13 1
100 148 1
117 47 1
126 15 1
147 21 1
65 39 1
175 105 1
186 84 1
37 18 1
9 62 1
26 61 1
157 10 1
3 115 1
131 98 1
11 88 1
52 101 1
193 64 1
8 2 1
80 193 1
165 42 1
130 9 1
26 56 1
34 0 1
148 58 1
122 190 1
94 86 1
134 193 1
114 135 1
43 73 1
114 40 1
154 174 1
36 27 1
123 58 1
106 158 1
39 58 1
115 195 1
28 197 1
190 121 1
193 180 1
101 150 1
167 40 1
134 9 1
153 120 1
155 74 1
142 194 1
110 119 1
164 53 1
40 138 1
134 100 1
180 86 1
33 114 1
71 61 1
197 12 1
36 12 1
28 55 1
6 69 1
177 97 1
47 13 1
118 86 1
29 94 1
55 182 1
168 51 1
189 16 1
6 52 1
91 66 1
44 50 1
186 32 1
162 173 1
80 43 1
143 145 1
38 172 1
45 190 1
57 90 1
0 16 1
198 103 1
80 34 1
67 111 1
141 145 1
67 114 1
155 4 1
157 100 1
76 90 1
42 118 1
77 154 1
70 26 1
27 140 1
112 94 1
125 157 1
135 190 1
17 102 1
9 77 1
164 186 1
159 86 1
98 28 1
129 98 1
167 89 1
20 147 1
127 179 1
82 117 1
37 90 1
185 15 1
75 114 1
192 28 1
34 190 1
146 131 1
120 40 1
6 156 1
100 18 1
196 186 1
95 187 1
110 60 1
26 81 1
189 31 1
96 43 1
33 92 1
40 199 1
142 164 1
177 10 1
60 160 1
7 79 1
51 69 1
4 110 1
187 153 1
189 134 1
41 156 1
160 116 1
55 83 1
128 58 1
125 100 1
124 86 1
30 190 1
73 4 1
143 190 1
98 46 1
173 37 1
54 64 1
32 166 1
105 93 1
110 28 1
26 65 1
86 157 1
72 96 1
128 29 1
123 136 1
178 123 1
20 72 1
53 189 1
61 136 1
184 97 1
109 76 1
8 38 1
29 41 1
134 20 1
3 24 1
108 33 1
141 14 1
19 58 1
88 111 1
156 61 1
163 75 1
57 127 1
172 129 1
16 84 1
150 190 1
77 26 1
166 159 1
143 50 1
54 20 1
41 71 1
159 91 1
140 35 1
63 35 1
100 112 1
164 81 1
13 31 1
178 97 1
74 125 1
126 26 1
180 44 1
94 70 1
26 53 1
94 155 1
7 157 1
12 89 1
172 61 1
70 146 1
133 153 1
17 125 1
145 43 1
197 3 1
143 60 1
119 142 1
13 147 1
166 54 1
0 129 1
14 8 1
33 117 1
55 134 1
91 141 1
147 198 1
34 88 1
89 185 1
31 89 1
145 148 1
30 86 1
25 118 1
129 191 1
76 156 1
4 75 1
181 109 1
160 67 1
105 62 1
18 92 1
161 188 1
175 22 1
107 25 1
94 27 1
171 41 1
13 153 1
100 192 1
144 27 1
9 70 1
105 76 1
135 169 1
110 70 1
125 86 1
166 140 1
16 33 1
36 6 1
155 42 1
65 89 1
180 19 1
155 13 1
74 188 1
188 150 1
115 31 1
125 109 1
76 124 1
9 182 1
64 183 1
171 189 1
154 12 1
178 176 1
81 49 1
183 110 1
65 34 1
95 69 1
16 172 1
24 111 1
22 92 1
170 49 1
5 146 1
30 19 1
157 32 1
160 98 1
133 156 1
192 136 1
4 191 1
183 169 1
152 113 1
48 112 1
103 127 1
117 106 1
84 56 1
100 144 1
169 155 1
85 27 1
39 141 1
143 97 1
149 69 1
3 69 1
166 35 1
8 18 1
16 145 1
95 9 1
5 78 1
24 28 1
17 113 1
167 188 1
171 135 1
32 172 1
115 39 1
177 8 1
192 9 1
70 38 1
151 124 1
162 75 1
75 101 1
194 122 1
47 16 1
177 82 1
100 37 1
38 173 1
113 80 1
52 61 1
35 157 1
145 139 1
34 144 1
176 29 1
21 196 1
83 100 1
169 84 1
18 174 1
38 188 1
103 180 1
125 148 1
21 124 1
185 61 1
65 15 1
21 48 1
122 22 1
153 22 1
94 124 1
61 14 1
35 124 1
156 63 1
132 187 1
124 0 1
89 87 1
132 140 1
108 155 1
101 65 1
173 70 1
48 84 1
21 61 1
83 61 1
149 61 1
91 64 1
122 52 1
148 120 1
190 91 1
114 170 1
55 40 1
36 188 1
40 37 1
23 158 1
134 26 1
161 96 1
159 51 1
107 6 1
19 123 1
172 141 1
91 5 1
57 67 1
150 51 1
84 108 1
48 127 1
182 79 1
160 191 1
26 119 1
0 52 1
197 167 1
138 25 1
121 149 1
74 166 1
181 157 1
180 112 1
1 144 1
57 48 1
79 151 1
66 58 1
32 69 1
64 37 1
146 50 1
162 126 1
123 77 1
176 112 1
60 27 1
100 129 1
2 193 1
153 33 1
152 17 1
116 61 1
18 139 1
21 23 1
63 161 1
0 71 1
7 180 1
24 16 1
183 171 1
61 28 1
183 121 1
169 75 1
76 190 1
4 32 1
34 137 1
11 145 1
4 2 1
168 34 1
181 99 1
76 138 1
151 129 1
107 136 1
196 72 1
155 158 1
138 179 1
15 54 1
25 19 1
104 55 1
100 66 1
162 58 1
187 120 1
193 133 1
74 92 1
159 28 1
65 191 1
46 179 1
80 15 1
189 164 1
47 105 1
47 156 1
86 44 1
68 13 1
68 36 1
91 54 1
67 144 1
144 61 1
113 157 1
11 134 1
106 181 1
57 140 1
174 93 1
60 159 1
145 192 1
144 107 1
79 74 1
126 95 1
81 64 1
119 149 1
151 148 1
174 153 1
36 162 1
176 0 1
18 12 1
68 11 1
160 78 1
2 35 1
103 46 1
46 119 1
184 146 1
30 182 1
124 50 1
19 179 1
101 72 1
5 171 1
15 180 1
86 16 1
181 4 1
175 146 1
42 85 1
78 82 1
3 122 1
22 183 1
46 192 1
157 21 1
30 41 1
121 176 1
102 114 1
55 169 1
23 82 1
177 92 1
127 153 1
105 100 1
52 54 1
18 102 1
186 147 1
84 105 1
147 103 1
65 88 1
115 198 1
71 87 1
112 76 1
50 19 1
92 119 1
19 107 1
24 74 1
40 77 1
86 49 1
113 81 1
82 14 1
57 182 1
86 105 1
93 111 1
4 145 1
94 151 1
119 117 1
89 181 1
63 158 1
144 197 1
28 102 1
89 116 1
165 75 1
167 52 1
63 175 1
115 185 1
4 193 1
151 167 1
76 37 1
107 67 1
101 83 1
102 178 1
151 172 1
24 119 1
54 10 1
162 105 1
168 157 1
144 179 1
18 151 1
56 190 1
64 22 1
30 48 1
175 64 1
62 39 1
41 7 1
153 81 1
75 106 1
136 62 1
43 15 1
42 111 1
144 49 1
179 160 1
188 105 1
67 11 1
174 129 1
4 51 1
187 140 1
110 120 1
89 53 1
177 186 1
120 33 1
86 110 1
35 5 1
74 174 1
161 92 1
103 74 1
149 31 1
66 33 1
161 199 1
144 146 1
57 144 1
167 53 1
121 130 1
166 28 1
79 166 1
14 150 1
173 67 1
157 175 1
134 48 1
165 47 1
75 68 1
69 150 1
43 87 1
0 136 1
131 97 1
106 185 1
150 162 1
135 79 1
58 2 1
195 103 1
4 36 1
119 147 1
65 32 1
14 43 1
91 100 1
31 63 1
169 191 1
61 4 1
184 110 1
54 125 1
145 2 1
17 12 1
195 185 1
12 185 1
195 189 1
157 58 1
40 34 1
23 100 1
140 179 1
39 57 1
128 48 1
23 34 1
10 174 1
91 9 1
140 28 1
48 56 1
190 182 1
91 93 1
167 3 1
14 17 1
1 105 1
126 99 1
127 199 1
34 134 1
112 103 1
137 77 1
128 23 1
57 30 1
25 33 1
178 48 1
40 130 1
13 174 1
57 199 1
112 24 1
14 140 1
12 60 1
70 182 1
152 121 1
103 25 1
139 64 1
174 95 1
112 2 1
41 197 1
66 74 1
4 13 1
100 182 1
137 103 1
101 171 1
99 25 1
89 1 1
76 25 1
59 141 1
165 160 1
98 167 1
143 65 1
1 139 1
120 138 1
28 83 1
120 11 1
192 157 1
140 189 1
10 185 1
66 37 1
6 72 1
26 29 1
4 129 1
181 177 1
131 14 1
81 71 1
70 111 1
155 123 1
20 143 1
178 20 1
99 177 1
197 60 1
131 11 1
103 189 1
26 125 1
7 195 1
153 180 1
37 1 1
82 71 1
130 104 1
172 68 1
89 78 1
40 69 1
56 64 1
189 183 1
123 177 1
137 194 1
6 88 1
112 194 1
106 72 1
168 147 1
37 42 1
40 18 1
94 5 1
82 22 1
165 91 1
197 195 1
75 51 1
52 97 1
18 84 1
4 192 1
198 3 1
48 88 1
184 16 1
24 41 1
191 168 1
24 90 1
182 120 1
84 30 1
99 123 1
122 33 1
102 38 1
116 136 1
34 114 1
20 71 1
95 138 1
64 188 1
86 65 1
0 90 1
145 15 1
97 58 1
104 172 1
176 21 1
134 170 1
37 20 1
2 91 1
150 2 1
164 105 1
151 174 1
41 168 1
65 189 1
1 95 1
81 31 1
110 135 1
58 1 1
31 2 1
55 33 1
64 11 1
64 143 1
180 98 1
147 169 1
92 117 1
68 50 1
51 151 1
73 89 1
117 197 1
68 6 1
89 146 1
50 171 1
139 134 1
18 87 1
134 90 1
96 99 1
67 178 1
127 41 1
148 27 1
157 197 1
66 48 1
121 151 1
121 24 1
186 195 1
160 124 1
81 159 1
155 81 1
42 39 1
104 23 1
26 87 1
183 76 1
115 133 1
6 64 1
155 27 1
52 123 1
135 44 1
116 12 1
145 73 1
32 117 1
166 126 1
151 185 1
82 121 1
158 149 1
69 166 1
191 183 1
66 39 1
109 104 1
182 37 1
142 33 1
176 99 1
29 123 1
53 30 1
167 84 1
113 110 1
187 67 1
1 76 1
143 103 1
134 24 1
67 147 1
56 52 1
58 165 1
121 108 1
23 17 1
58 101 1
127 162 1
51 3 1
32 86 1
12 161 1
18 138 1
183 25 1
119 179 1
187 125 1
94 83 1
168 80 1
32 102 1
117 128 1
152 59 1
86 129 1
53 159 1
122 101 1
121 144 1
68 138 1
99 199 1
67 141 1
60 198 1
16 118 1
134 132 1
71 171 1
23 182 1
16 63 1
116 7 1
28 188 1
1 155 1
157 120 1
187 139 1
56 130 1
11 55 1
33 133 1
146 73 1
130 65 1
120 56 1
110 159 1
111 130 1
160 109 1
156 1 1
119 96 1
176 70 1
80 67 1
14 44 1
192 177 1
68 12 1
130 59 1
188 55 1
32 150 1
161 52 1
140 77 1
150 144 1
94 197 1
102 148 1
170 67 1
98 9 1
95 18 1
122 120 1
86 7 1
146 4 1
105 16 1
98 57 1
30 124 1
78 168 1
178 35 1
122 11 1
125 2 1
188 176 1
38 125 1
55 100 1
119 1 1
161 115 1
16 32 1
82 34 1
51 121 1
27 181 1
129 68 1
160 25 1
21 94 1
197 83 1
94 188 1
122 158 1
134 30 1
32 151 1
70 128 1
84 151 1
94 107 1
60 38 1
183 138 1
70 40 1
62 119 1
198 185 1
78 35 1
197 127 1
0 68 1
76 17 1
126 102 1
165 17 1
171 26 1
127 95 1
26 130 1
52 184 1
128 164 1
22 109 1
170 69 1
182 32 1
83 23 1
53 160 1
184 197 1
168 125 1
119 133 1
97 0 1
188 191 1
122 69 1
190 14 1
161 78 1
45 97 1
56 199 1
81 140 1
76 70 1
131 74 1
154 109 1
3 22 1
108 166 1
49 181 1
86 73 1
104 87 1
56 67 1
61 145 1
96 49 1
30 146 1
170 196 1
82 7 1
2 71 1
159 121 1
123 101 1
51 177 1
86 98 1
67 115 1
105 0 1
194 89 1
27 102 1
1 5 1
6 193 1
181 130 1
141 72 1
27 65 1
77 21 1
99 136 1
17 91 1
176 184 1
137 38 1
88 124 1
172 117 1
150 106 1
44 111 1
15 72 1
181 122 1
78 197 1
107 125 1
133 79 1
17 11 1
91 28 1
117 42 1
173 11 1
177 136 1
54 117 1
185 103 1
147 121 1
139 61 1
174 0 1
191 74 1
166 183 1
41 119 1
162 57 1
176 48 1
195 150 1
177 39 1
67 100 1
135 198 1
169 64 1
72 186 1
27 191 1
197 120 1
21 193 1
190 156 1
151 135 1
4 121 1
145 156 1
6 125 1
28 81 1
3 153 1
135 87 1
2 53 1
176 180 1
110 168 1
51 40 1
3 100 1
31 48 1
92 180 1
117 194 1
1 153 1
194 105 1
118 23 1
154 136 1
105 26 1
193 116 1
156 10 1
123 108 1
179 116 1
73 29 1
103 130 1
135 75 1
199 8 1
45 126 1
38 62 1
142 102 1
135 11 1
147 62 1
71 45 1
31 46 1
32 67 1
101 36 1
80 62 1
7 193 1
108 0 1
152 176 1
150 18 1
76 162 1
80 35 1
58 155 1
142 171 1
13 17 1
130 30 1
160 49 1
82 48 1
84 128 1
9 167 1
112 1 1
191 196 1
160 134 1
186 106 1
80 72 1
197 81 1
83 168 1
65 74 1
111 176 1
192 38 1
127 152 1
164 48 1
76 58 1
7 77 1
23 32 1
19 119 1
71 165 1
6 13 1
41 39 1
110 66 1
171 24 1
149 99 1
21 141 1
78 132 1
189 87 1
42 14 1
109 153 1
130 118 1
30 168 1
67 152 1
41 35 1
8 50 1
52 190 1
24 26 1
175 188 1
176 166 1
94 84 1
25 164 1
192 175 1
43 76 1
175 113 1
9 11 1
74 133 1
163 46 1
183 142 1
136 174 1
26 124 1
112 110 1
81 14 1
76 154 1
80 96 1
45 136 1
164 193 1
185 174 1
160 59 1
44 150 1
166 182 1
180 43 1
170 6 1
44 99 1
148 195 1
90 32 1
76 61 1
23 33 1
64 168 1
87 150 1
37 138 1
160 2 1
108 149 1
39 10 1
4 166 1
83 103 1
33 137 1
133 5 1
92 16 1
102 111 1
15 21 1
52 75 1
151 144 1
177 57 1
116 120 1
42 54 1
91 96 1
31 152 1
30 66 1
56 83 1
61 0 1
102 39 1
75 81 1
88 45 1
77 112 1
40 193 1
160 100 1
159 139 1
184 122 1
188 68 1
145 129 1
120 58 1
52 94 1
120 69 1
179 34 1
163 185 1
195 124 1
11 82 1
126 149 1
79 8 1
140 86 1
62 26 1
131 140 1
118 137 1
67 110 1
37 59 1
167 186 1
20 22 1
89 71 1
44 25 1
135 45 1
2 55 1
107 142 1
151 118 1
70 15 1
93 166 1
139 42 1
186 192 1
67 183 1
53 183 1
10 35 1
116 119 1
176 161 1
73 139 1
169 177 1
68 43 1
163 125 1
25 113 1
113 193 1
119 162 1
120 51 1
158 179 1
87 91 1
194 67 1
120 98 1
195 67 1
107 15 1
185 175 1
43 65 1
75 12 1
68 175 1
162 73 1
27 159 1
121 8 1
13 3 1
120 126 1
27 48 1
74 137 1
180 17 1
163 82 1
27 117 1
22 115 1
45 83 1
8 15 1
146 23 1
72 17 1
118 131 1
114 176 1
145 186 1
140 163 1
64 153 1
69 163 1
31 134 1
27 162 1
182 42 1
87 23 1
142 132 1
79 1 1
73 5 1
60 28 1
87 8 1
147 80 1
19 10 1
195 47 1
119 106 1
170 151 1
144 24 1
49 135 1
185 140 1
155 43 1
68 180 1
0 6 1
145 12 1
63 15 1
136 119 1
10 51 1
137 80 1
188 113 1
116 76 1
70 147 1
167 123 1
31 14 1
67 98 1
164 31 1
72 112 1
80 125 1
92 197 1
190 149 1
72 32 1
101 109 1
106 156 1
190 101 1
127 45 1
19 80 1
31 35 1
96 104 1
21 114 1
56 145 1
130 110 1
2 64 1
113 155 1
31 58 1
118 57 1
61 191 1
162 48 1
149 177 1
163 53 1
164 35 1
50 30 1
141 18 1
191 25 1
152 41 1
141 86 1
70 80 1
40 22 1
69 85 1
65 174 1
18 44 1
196 61 1
68 179 1
189 170 1
173 17 1
17 118 1
19 109 1
115 102 1
187 92 1
113 187 1
111 15 1
111 1 1
177 27 1
82 125 1
61 40 1
185 142 1
56 5 1
179 150 1
199 186 1
178 119 1
114 83 1
58 65 1
65 151 1
99 55 1
98 76 1
170 105 1
25 2 1
143 149 1
141 13 1
57 31 1
25 61 1
129 25 1
29 139 1
59 134 1
183 9 1
95 131 1
85 101 1
18 66 1
142 187 1
166 151 1
56 103 1
149 157 1
191 57 1
90 69 1
143 6 1
126 78 1
166 154 1
166 46 1
59 86 1
0 154 1
41 50 1
124 79 1
56 195 1
1 149 1
53 197 1
20 119 1
174 96 1
12 195 1
186 105 1
13 138 1
144 193 1
121 172 1
145 52 1
84 197 1
177 26 1
158 6 1
183 100 1
123 74 1
141 199 1
132 153 1
145 185 1
89 94 1
4 82 1
165 19 1
168 137 1
60 14 1
68 8 1
12 169 1
139 123 1
16 3 1
165 140 1
110 186 1
170 38 1
170 103 1
149 154 1
67 0 1
5 197 1
49 171 1
98 52 1
159 101 1
155 45 1
123 67 1
110 172 1
141 108 1
123 81 1
113 41 1
105 99 1
56 189 1
107 192 1
35 109 1
71 190 1
124 162 1
93 191 1
77 1 1
25 90 1
33 128 1
36 40 1
5 23 1
160 157 1
14 67 1
162 130 1
119 101 1
44 151 1
151 154 1
52 58 1
58 78 1
88 119 1
33 152 1
191 42 1
22 97 1
124 33 1
172 24 1
196 80 1
146 148 1
141 32 1
66 161 1
92 25 1
150 147 1
85 152 1
179 148 1
154 112 1
93 2 1
180 158 1
180 168 1
175 144 1
91 130 1
72 116 1
121 9 1
185 172 1
46 37 1
68 158 1
105 90 1
75 46 1
127 156 1
60 162 1
182 21 1
77 51 1
133 17 1
140 136 1
185 130 1
63 90 1
189 177 1
123 86 1
88 30 1
123 37 1
90 2 1
154 17 1
166 194 1
29 15 1
147 89 1
192 125 1
70 21 1
136 186 1
132 195 1
30 153 1
7 36 1
91 131 1
27 62 1
13 105 1
102 60 1
168 21 1
93 135 1
147 161 1
176 65 1
110 33 1
167 187 1
173 168 1
168 152 1
187 18 1
60 64 1
54 188 1
8 78 1
87 74 1
118 135 1
102 49 1
42 17 1
151 111 1
74 148 1
71 135 1
61 183 1
12 119 1
171 29 1
136 52 1
139 26 1
178 58 1
75 174 1
79 122 1
159 37 1
3 48 1
150 35 1
167 176 1
126 44 1
83 135 1
127 33 1
2 163 1
21 45 1
11 158 1
150 189 1
138 107 1
100 116 1
73 32 1
169 132 1
139 168 1
39 122 1
22 19 1
21 44 1
6 2 1
13 92 1
179 104 1
17 177 1
69 98 1
138 195 1
94 20 1
130 178 1
148 155 1
195 81 1
84 138 1
171 95 1
124 164 1
140 52 1
99 91 1
168 105 1
169 92 1
85 123 1
81 179 1
160 117 1
39 101 1
166 192 1
74 25 1
13 70 1
8 83 1
190 196 1
46 168 1
152 16 1
34 166 1
97 49 1
108 110 1
43 133 1
99 143 1
153 115 1
8 145 1
65 97 1
51 33 1
144 20 1
63 170 1
88 27 1
191 88 1
133 77 1
14 69 1
71 198 1
110 73 1
61 51 1
69 61 1
39 0 1
83 117 1
167 182 1
198 72 1
62 129 1
198 146 1
190 51 1
170 175 1
174 119 1
44 53 1
76 143 1
144 130 1
5 123 1
177 49 1
6 111 1
77 95 1
50 74 1
99 74 1
96 2 1
118 83 1
125 0 1
46 108 1
150 130 1
163 169 1
129 52 1
99 57 1
59 42 1
166 31 1
24 92 1
101 199 1
152 111 1
167 129 1
82 25 1
4 74 1
142 136 1
124 175 1
22 25 1
188 165 1
9 63 1
148 160 1
144 108 1
160 85 1
150 63 1
177 184 1
139 33 1
173 71 1
128 25 1
16 142 1
188 40 1
67 38 1
186 125 1
54 115 1
175 77 1
194 9 1
37 88 1
150 114 1
82 37 1
37 169 1
88 93 1
11 5 1
118 35 1
123 162 1
35 74 1
50 190 1
97 38 1
122 30 1
182 98 1
11 109 1
3 184 1
83 109 1
44 105 1
44 62 1
144 6 1
65 144 1
7 164 1
157 22 1
182 61 1
24 21 1
30 165 1
170 51 1
54 143 1
132 137 1
50 104 1
40 160 1
142 52 1
131 180 1
37 199 1
65 0 1
77 134 1
114 55 1
35 160 1
41 120 1
61 168 1
57 137 1
62 71 1
128 183 1
33 136 1
137 100 1
153 72 1
14 5 1
1 117 1
59 66 1
83 22 1
115 127 1
159 175 1
132 86 1
89 156 1
28 165 1
36 54 1
187 165 1
128 16 1
172 45 1
69 152 1
48 81 1
4 199 1
58 22 1
166 174 1
35 138 1
78 147 1
18 9 1
26 127 1
127 92 1
81 191 1
72 160 1
26 18 1
159 3 1
13 63 1
81 157 1
91 45 1
109 81 1
88 104 1
9 160 1
116 101 1
112 56 1
142 137 1
169 145 1
84 10 1
68 19 1
176 196 1
23 41 1
107 1 1
24 30 1
72 74 1
91 7 1
133 145 1
58 171 1
183 135 1
186 45 1
67 154 1
37 198 1
105 192 1
20 123 1
155 179 1
120 194 1
197 123 1
165 1 1
51 31 1
164 182 1
101 12 1
158 143 1
11 108 1
192 126 1
185 36 1
122 111 1
21 65 1
78 93 1
80 171 1
114 12 1
14 98 1
91 169 1
105 71 1
55 44 1
161 60 1
108 49 1
168 76 1
194 22 1
79 76 1
177 106 1
103 30 1
154 124 1
154 48 1
68 165 1
34 81 1
171 64 1
154 105 1
129 36 1
44 5 1
174 35 1
183 86 1
144 126 1
115 175 1
149 90 1
145 27 1
59 72 1
130 62 1
81 0 1
28 100 1
90 157 1
67 113 1
30 96 1
31 114 1
56 75 1
132 50 1
36 157 1
95 22 1
190 106 1
106 48 1
50 126 1
7 139 1
110 117 1
85 35 1
51 161 1
70 188 1
158 88 1
59 0 1
42 36 1
198 172 1
93 80 1
25 17 1
157 179 1
138 126 1
131 36 1
36 184 1
166 178 1
64 172 1
131 12 1
130 16 1
100 17 1
110 52 1
106 142 1
49 151 1
65 148 1
25 73 1
157 104 1
161 143 1
176 24 1
112 65 1
7 143 1
16 183 1
33 79 1
124 80 1
93 38 1
157 3 1
11 159 1
185 73 1
79 160 1
160 162 1
115 174 1
97 185 1
151 47 1
199 178 1
27 180 1
199 193 1
89 43 1
79 22 1
17 77 1
154 31 1
88 171 1
66 78 1
77 155 1
54 68 1
23 67 1
189 92 1
110 13 1
169 21 1
34 74 1
189 95 1
156 187 1
1 97 1
7 99 1
154 96 1
184 151 1
165 13 1
17 19 1
119 56 1
118 94 1
23 20 1
40 48 1
184 164 1
169 11 1
29 160 1
180 47 1
66 117 1
60 73 1
56 6 1
140 63 1
109 84 1
56 37 1
98 146 1
83 12 1
141 9 1
147 51 1
12 112 1
140 69 1
152 52 1
101 144 1
189 119 1
0 175 1
168 28 1
67 7 1
83 41 1
56 113 1
42 162 1
112 129 1
67 143 1
104 160 1
14 83 1
82 199 1
29 184 1
30 179 1
108 25 1
145 109 1
150 148 1
152 48 1
149 53 1
54 94 1
129 90 1
96 180 1
196 64 1
176 119 1
156 115 1
49 51 1
108 125 1
87 101 1
92 140 1
85 41 1
8 27 1
90 44 1
44 40 1
97 67 1
132 147 1
70 39 1
4 39 1
178 194 1
156 191 1
174 109 1
35 40 1
168 93 1
19 95 1
146 7 1
57 0 1
131 1 1
135 113 1
182 110 1
126 23 1
145 172 1
56 116 1
176 122 1
195 122 1
125 139 1
16 154 1
32 153 1
21 93 1
72 124 1
76 13 1
80 61 1
183 10 1
126 86 1
65 19 1
184 55 1
49 63 1
43 166 1
5 107 1
188 57 1
4 102 1
115 30 1
166 48 1
197 80 1
5 139 1
197 130 1
65 77 1
47 75 1
29 132 1
35 83 1
143 101 1
55 95 1
43 171 1
87 24 1
29 141 1
52 199 1
96 192 1
122 144 1
45 112 1
130 77 1
126 143 1
95 121 1
183 156 1
152 49 1
19 35 1
97 92 1
117 45 1
157 124 1
162 186 1
60 78 1
103 149 1
120 103 1
186 94 1
16 93 1
0 20 1
74 158 1
184 47 1
161 69 1
140 126 1
121 70 1
54 73 1
119 64 1
8 190 1
54 103 1
138 44 1
143 168 1
175 21 1
178 181 1
90 26 1
148 153 1
146 133 1
85 47 1
16 198 1
159 178 1
170 173 1
131 78 1
69 112 1
111 97 1
39 185 1
84 117 1
109 82 1
195 176 1
190 172 1
35 26 1
104 71 1
57 17 1
97 71 1
10 0 1
109 162 1
109 191 1
194 29 1
3 7 1
17 167 1
43 12 1
172 135 1
95 168 1
40 2 1
26 76 1
185 9 1
6 48 1
166 106 1
191 158 1
193 45 1
117 196 1
118 141 1
54 49 1
109 131 1
109 161 1
33 9 1
130 145 1
166 76 1
188 184 1
38 171 1
109 91 1
173 72 1
82 33 1
149 144 1
79 95 1
18 67 1
130 58 1
83 129 1
116 0 1
167 44 1
29 175 1
55 0 1
31 47 1
78 141 1
54 104 1
181 162 1
113 19 1
119 0 1
3 96 1
199 144 1
117 142 1
97 137 1
102 119 1
28 133 1
136 23 1
198 84 1
184 25 1
99 184 1
172 187 1
56 136 1
183 8 1
45 103 1
12 49 1
136 195 1
133 7 1
162 111 1
0 9 1
90 169 1
162 68 1
136 171 1
142 155 1
7 172 1
109 107 1
36 158 1
180 49 1
5 66 1
12 90 1
132 148 1
28 66 1
80 90 1
189 75 1
13 146 1
36 123 1
80 16 1
162 117 1
51 16 1
8 86 1
142 149 1
87 27 1
9 137 1
23 185 1
66 122 1
4 68 1
110 151 1
195 87 1
66 175 1
69 144 1
16 170 1
99 121 1
129 124 1
72 81 1
60 147 1
14 37 1
61 29 1
198 170 1
61 18 1
169 41 1
63 70 1
102 109 1
93 90 1
111 64 1
49 5 1
106 49 1
123 111 1
139 36 1
83 195 1
37 112 1
148 12 1
169 42 1
102 152 1
157 52 1
16 193 1
56 89 1
194 6 1
103 22 1
172 49 1
85 116 1
153 151 1
125 98 1
141 62 1
21 107 1
175 127 1
153 36 1
128 113 1
30 80 1
90 31 1
103 191 1
120 186 1
110 91 1
163 182 1
91 32 1
147 184 1
56 168 1
152 35 1
129 111 1
184 129 1
163 4 1
102 30 1
94 40 1
112 42 1
196 89 1
111 121 1
36 112 1
94 123 1
193 91 1
24 99 1
178 38 1
137 44 1
196 149 1
22 142 1
10 52 1
43 182 1
122 12 1
127 196 1
109 61 1
114 101 1
40 4 1
60 140 1
52 166 1
39 165 1
163 179 1
23 35 1
165 53 1
145 91 1
160 106 1
73 71 1
7 19 1
96 157 1
75 35 1
122 103 1
186 100 1
134 99 1
92 80 1
129 195 1
79 60 1
70 160 1
66 79 1
105 191 1
156 96 1
95 2 1
130 112 1
198 167 1
129 17 1
184 75 1
97 132 1
152 34 1
189 126 1
165 102 1
172 143 1
30 127 1
65 195 1
38 107 1
13 184 1
193 145 1
105 133 1
131 134 1
3 6 1
186 59 1
23 13 1
95 182 1
12 151 1
76 180 1
160 68 1
179 85 1
17 142 1
48 172 1
126 16 1
37 96 1
161 116 1
191 114 1
77 182 1
180 116 1
94 43 1
149 30 1
20 46 1
197 65 1
16 56 1
14 18 1
192 64 1
50 4 1
52 17 1
146 174 1
69 28 1
77 132 1
72 60 1
35 30 1
63 57 1
163 142 1
141 98 1
187 196 1
58 142 1
89 118 1
61 197 1
128 177 1
21 190 1
66 185 1
67 198 1
178 6 1
119 164 1
78 189 1
96 89 1
152 144 1
102 84 1
112 137 1
98 138 1
136 175 1
144 36 1
116 139 1
90 124 1
3 53 1
176 37 1
13 22 1
140 102 1
17 32 1
90 140 1
2 27 1
164 185 1
91 137 1
33 157 1
67 182 1
55 153 1
4 159 1
131 143 1
102 81 1
155 63 1
149 18 1
91 191 1
68 135 1
45 43 1
193 62 1
196 102 1
73 106 1
189 60 1
127 121 1
106 138 1
146 139 1
66 173 1
146 45 1
19 120 1
81 50 1
30 65 1
87 112 1
8 178 1
51 192 1
73 62 1
25 114 1
14 153 1
44 164 1
164 197 1
135 47 1
123 144 1
11 50 1
109 57 1
30 45 1
27 175 1
179 80 1
80 20 1
59 181 1
15 139 1
47 141 1
166 148 1
151 92 1
74 77 1
112 14 1
160 168 1
36 39 1
17 185 1
144 19 1
167 125 1
44 198 1
63 182 1
141 12 1
174 94 1
175 84 1
59 133 1
93 104 1
96 152 1
91 41 1
185 101 1
29 165 1
68 82 1
39 172 1
198 63 1
64 148 1
134 69 1
35 98 1
159 168 1
17 119 1
25 143 1
146 48 1
85 197 1
158 77 1
8 139 1
23 37 1
89 158 1
80 36 1
116 128 1
26 197 1
67 128 1
15 125 1
87 36 1
72 178 1
173 114 1
76 65 1
130 160 1
183 194 1
18 172 1
60 142 1
0 21 1
88 17 1
82 60 1
48 86 1
177 193 1
163 116 1
111 96 1
176 182 1
9 76 1
122 189 1
167 74 1
48 159 1
106 87 1
146 2 1
151 22 1
137 15 1
11 59 1
22 111 1
185 87 1
12 192 1
45 110 1
97 74 1
87 14 1
141 38 1
29 138 1
66 24 1
12 152 1
51 154 1
171 120 1
95 44 1
84 122 1
160 120 1
128 95 1
159 38 1
44 81 1
110 51 1
1 42 1
183 50 1
87 140 1
118 145 1
20 8 1
35 33 1
102 133 1
21 126 1
160 102 1
136 88 1
2 62 1
174 54 1
118 95 1
106 25 1
96 82 1
46 82 1
139 76 1
116 1 1
147 72 1
52 138 1
71 76 1
173 94 1
109 149 1
86 53 1
114 70 1
36 167 1
80 76 1
128 158 1
125 59 1
168 136 1
139 104 1
71 14 1
143 40 1
93 197 1
171 47 1
138 50 1
58 189 1
51 17 1
80 142 1
179 131 1
191 29 1
197 147 1
109 9 1
96 65 1
34 67 1
148 5 1
112 79 1
78 108 1
139 53 1
57 163 1
14 171 1
157 42 1
164 4 1
39 103 1
47 193 1
194 70 1
31 108 1
8 25 1
180 42 1
73 39 1
5 88 1
98 176 1
71 78 1
79 111 1
146 53 1
53 199 1
126 49 1
159 69 1
118 87 1
102 163 1
55 88 1
124 169 1
178 39 1
2 105 1
500 1000 154
0 1 1
1 2 1
2 3 1
3 4 1
4 5 1
5 6 1
6 7 1
7 8 1
8 9 1
9 10 1
10 11 1
11 12 1
12 13 1
13 14 1
14 15 1
15 16 1
16 17 1
17 18 1
18 19 1
19 20 1
20 21 1
21 22 1
22 23 1
23 24 1
24 25 1
25 26 1
26 27 1
27 28 1
28 29 1
29 30 1
30 31 1
31 32 1
32 33 1
33 34 1
34 35 1
35 36 1
36 37 1
37 38 1
38 39 1
39 40 1
40 41 1
41 42 1
42 43 1
43 44 1
44 45 1
45 46 1
46 47 1
47 48 1
48 49 1
49 50 1
50 51 1
51 52 1
52 53 1
53 54 1
54 55 1
55 56 1
56 57 1
57 58 1
58 59 1
59 60 1
60 61 1
61 62 1
62 63 1
63 64 1
64 65 1
65 66 1
66 67 1
67 68 1
68 69 1
69 70 1
70 71 1
71 72 1
72 73 1
73 74 1
74 75 1
75 76 1
76 77 1
77 78 1
78 79 1
79 80 1
80 81 1
81 82 1
82 83 1
83 84 1
84 85 1
85 86 1
86 87 1
87 88 1
88 89 1
89 90 1
90 91 1
91 92 1
92 93 1
93 94 1
94 95 1
95 96 1
96 97 1
97 98 1
98 99 1
99 100 1
100 101 1
101 102 1
102 103 1
103 104 1
104 105 1
105 106 1
106 107 1
107 108 1
108 109 1
109 110 1
110 111 1
111 112 1
112 113 1
113 114 1
114 115 1
115 116 1
116 117 1
117 118 1
118 119 1
119 120 1
120 121 1
121 122 1
122 123 1
123 124 1
124 125 1
125 126 1
126 127 1
127 128 1
128 129 1
129 130 1
130 131 1
131 132 1
132 133 1
133 134 1
134 135 1
135 136 1
136 137 1
137 138 1
138 139 1
139 140 1
140 141 1
141 142 1
142 143 1
143 144 1
144 145 1
145 146 1
146 147 1
147 148 1
148 149 1
149 150 1
150 151 1
151 152 1
152 153 1
153 154 1
154 155 1
155 156 1
156 157 1
157 158 1
158 159 1
159 160 1
160 161 1
161 162 1
162 163 1
163 164 1
164 165 1
165 166 1
166 167 1
167 168 1
168 169 1
169 170 1
170 171 1
171 172 1
172 173 1
173 174 1
174 175 1
175 176 1
176 177 1
177 178 1
178 179 1
179 180 1
180 181 1
181 182 1
182 183 1
183 184 1
184 185 1
185 186 1
186 187 1
187 188 1
188 189 1
189 190 1
190 191 1
191 192 1
192 193 1
193 194 1
194 195 1
195 196 1
196 197 1
197 198 1
198 199 1
199 200 1
200 201 1
201 202 1
202 203 1
203 204 1
204 205 1
205 206 1
206 207 1
207 208 1
208 209 1
209 210 1
210 211 1
211 212 1
212 213 1
213 214 1
214 215 1
215 216 1
216 217 1
217 218 1
218 219 1
219 220 1
220 221 1
221 222 1
222 223 1
223 224 1
224 225 1
225 226 1
226 227 1
227 228 1
228 229 1
229 230 1
230 231 1
231 232 1
232 233 1
233 234 1
234 235 1
235 236 1
236 237 1
237 238 1
238 239 1
239 240 1
240 241 1
241 242 1
242 243 1
243 244 1
244 245 1
245 246 1
246 247 1
247 248 1
248 249 1
249 250 1
250 251 1
251 252 1
252 253 1
253 254 1
254 255 1
255 256 1
256 257 1
257 258 1
258 259 1
259 260 1
260 261 1
261 262 1
262 263 1
263 264 1
264 265 1
265 266 1
266 267 1
267 268 1
268 269 1
269 270 1
270 271 1
271 272 1
272 273 1
273 274 1
274 275 1
275 276 1
276 277 1
277 278 1
278 279 1
279 280 1
280 281 1
281 282 1
282 283 1
283 284 1
284 285 1
285 286 1
286 287 1
287 288 1
288 289 1
289 290 1
290 291 1
291 292 1
292 293 1
293 294 1
294 295 1
295 296 1
296 297 1
297 298 1
298 299 1
299 300 1
300 301 1
301 302 1
302 303 1
303 304 1
304 305 1
305 306 1
306 307 1
307 308 1
308 309 1
309 310 1
310 311 1
311 312 1
312 313 1
313 314 1
314 315 1
315 316 1
316 317 1
317 318 1
318 319 1
319 320 1
320 321 1
321 322 1
322 323 1
323 324 1
324 325 1
325 326 1
326 327 1
327 328 1
328 329 1
329 330 1
330 331 1
331 332 1
332 333 1
333 334 1
334 335 1
335 336 1
336 337 1
337 338 1
338 339 1
339 340 1
340 341 1
341 342 1
342 343 1
343 344 1
344 345 1
345 346 1
346 347 1
347 348 1
348 349 1
349 350 1
350 351 1
351 352 1
352 353 1
353 354 1
354 355 1
355 356 1
356 357 1
357 358 1
358 359 1
359 360 1
360 361 1
361 362 1
362 363 1
363 364 1
364 365 1
365 366 1
366 367 1
367 368 1
368 369 1
369 370 1
370 371 1
371 372 1
372 373 1
373 374 1
374 375 1
375 376 1
376 377 1
377 378 1
378 379 1
379 380 1
380 381 1
381 382 1
382 383 1
383 384 1
384 385 1
385 386 1
386 387 1
387 388 1
388 389 1
389 390 1
390 391 1
391 392 1
392 393 1
393 394 1
394 395 1
395 396 1
396 397 1
397 398 1
398 399 1
399 400 1
400 401 1
401 402 1
402 403 1
403 404 1
404 405 1
405 406 1
406 407 1
407 408 1
408 409 1
409 410 1
410 411 1
411 412 1
412 413 1
413 414 1
414 415 1
415 416 1
416 417 1
417 418 1
418 419 1
419 420 1
420 421 1
421 422 1
422 423 1
423 424 1
424 425 1
425 426 1
426 427 1
427 428 1
428 429 1
429 430 1
430 431 1
431 432 1
432 433 1
433 434 1
434 435 1
435 436 1
436 437 1
437 438 1
438 439 1
439 440 1
440 441 1
441 442 1
442 443 1
443 444 1
444 445 1
445 446 1
446 447 1
447 448 1
448 449 1
449 450 1
450 451 1
451 452 1
452 453 1
453 454 1
454 455 1
455 456 1
456 457 1
457 458 1
458 459 1
459 460 1
460 461 1
461 462 1
462 463 1
463 464 1
464 465 1
465 466 1
466 467 1
467 468 1
468 469 1
469 470 1
470 471 1
471 472 1
472 473 1
473 474 1
474 475 1
475 476 1
476 477 1
477 478 1
478 479 1
479 480 1
480 481 1
481 482 1
482 483 1
483 484 1
484 485 1
485 486 1
486 487 1
487 488 1
488 489 1
489 490 1
490 491 1
491 492 1
492 493 1
493 494 1
494 495 1
495 496 1
496 497 1
497 498 1
498 499 1
499 0 1
25 84 1
190 209 1
321 306 1
435 431 1
257 298 1
125 190 1
118 309 1
370 168 1
293 301 1
377 355 1
374 225 1
98 258 1
281 138 1
30 181 1
77 85 1
266 323 1
383 370 1
76 359 1
261 39 1
439 430 1
104 470 1
364 70 1
263 462 1
352 250 1
69 421 1
412 488 1
429 369 1
367 10 1
191 236 1
411 214 1
454 210 1
23 416 1
336 409 1
475 273 1
357 444 1
200 377 1
376 495 1
122 441 1
438 330 1
279 75 1
316 188 1
253 461 1
283 350 1
223 468 1
79 127 1
168 68 1
344 499 1
57 48 1
48 95 1
124 60 1
368 435 1
284 418 1
244 318 1
347 77 1
238 353 1
486 363 1
102 126 1
20 411 1
258 363 1
197 118 1
98 304 1
176 129 1
485 361 1
359 238 1
454 348 1
222 310 1
444 25 1
495 188 1
350 247 1
452 472 1
345 378 1
353 130 1
231 17 1
492 152 1
328 13 1
402 353 1
411 51 1
347 228 1
35 83 1
465 340 1
191 113 1
397 369 1
83 141 1
251 227 1
68 273 1
8 333 1
325 162 1
304 65 1
475 199 1
145 217 1
18 312 1
492 325 1
109 407 1
182 484 1
203 355 1
223 37 1
203 322 1
206 223 1
138 113 1
214 406 1
47 253 1
15 352 1
367 100 1
344 78 1
377 268 1
383 391 1
7 179 1
473 55 1
91 204 1
180 359 1
121 45 1
258 309 1
134 234 1
132 150 1
348 449 1
427 127 1
134 226 1
169 132 1
243 265 1
252 22 1
182 345 1
2 369 1
365 139 1
357 429 1
190 299 1
465 136 1
273 163 1
6 272 1
363 98 1
355 301 1
343 494 1
139 193 1
451 329 1
327 31 1
149 64 1
388 10 1
442 73 1
263 62 1
242 427 1
466 365 1
314 36 1
126 243 1
263 318 1
249 106 1
44 185 1
180 347 1
65 36 1
248 204 1
84 453 1
273 84 1
96 350 1
389 288 1
141 121 1
122 136 1
412 348 1
206 145 1
267 318 1
445 92 1
278 336 1
281 91 1
27 328 1
410 178 1
115 2 1
165 129 1
126 211 1
253 79 1
218 382 1
470 402 1
35 181 1
425 434 1
33 453 1
489 387 1
392 306 1
100 43 1
431 377 1
437 71 1
205 310 1
241 93 1
177 460 1
339 462 1
441 311 1
177 217 1
69 62 1
159 263 1
115 468 1
218 248 1
350 95 1
73 306 1
39 451 1
195 440 1
383 313 1
169 258 1
438 280 1
65 376 1
359 156 1
72 104 1
93 448 1
344 448 1
254 391 1
493 79 1
110 223 1
472 86 1
262 106 1
32 181 1
290 462 1
29 308 1
483 118 1
438 393 1
321 338 1
167 295 1
84 167 1
403 251 1
150 343 1
54 405 1
264 87 1
391 461 1
484 209 1
88 476 1
255 153 1
177 394 1
430 71 1
98 153 1
402 179 1
247 386 1
456 143 1
330 66 1
130 288 1
488 200 1
415 7 1
232 472 1
249 238 1
477 51 1
473 447 1
393 54 1
431 349 1
205 120 1
51 301 1
58 200 1
463 54 1
448 142 1
445 112 1
195 85 1
463 449 1
260 77 1
465 441 1
265 178 1
171 71 1
27 320 1
281 17 1
179 12 1
51 177 1
51 439 1
176 164 1
494 354 1
37 140 1
170 470 1
93 184 1
133 268 1
368 418 1
462 76 1
345 436 1
433 337 1
116 455 1
290 376 1
115 486 1
94 186 1
459 262 1
499 227 1
371 465 1
417 269 1
189 44 1
352 240 1
476 324 1
408 175 1
382 23 1
332 345 1
249 411 1
90 202 1
397 123 1
421 446 1
287 164 1
119 171 1
377 192 1
166 68 1
35 15 1
335 247 1
478 158 1
174 55 1
480 119 1
325 415 1
389 44 1
213 240 1
348 110 1
417 459 1
453 297 1
109 51 1
65 483 1
346 77 1
58 142 1
98 288 1
217 410 1
207 368 1
345 259 1
2 354 1
274 126 1
314 286 1
126 361 1
7 216 1
330 96 1
275 86 1
176 3 1
400 206 1
128 125 1
114 291 1
225 218 1
403 270 1
26 492 1
460 436 1
328 446 1
478 24 1
69 173 1
442 262 1
49 264 1
237 197 1
456 11 1
263 49 1
333 175 1
177 310 1
177 60 1
209 338 1
107 390 1
393 182 1
186 440 1
103 386 1
311 153 1
424 395 1
377 185 1
94 114 1
159 176 1
164 329 1
296 217 1
229 278 1
366 84 1
267 202 1
112 310 1
10 231 1
275 411 1
386 489 1
265 295 1
27 215 1
97 280 1
139 300 1
274 59 1
71 49 1
16 277 1
193 341 1
447 373 1
218 448 1
125 11 1
350 278 1
20 110 1
67 173 1
436 21 1
156 379 1
215 228 1
61 289 1
454 412 1
70 220 1
373 203 1
329 40 1
233 319 1
372 434 1
463 82 1
84 289 1
115 319 1
341 383 1
33 297 1
19 173 1
151 399 1
144 261 1
463 460 1
43 322 1
118 56 1
457 326 1
1 58 1
302 331 1
308 319 1
383 231 1
208 478 1
177 482 1
197 438 1
387 244 1
291 326 1
352 443 1
464 203 1
219 473 1
403 439 1
313 266 1
356 287 1
69 281 1
436 330 1
176 393 1
354 493 1
107 462 1
474 466 1
236 375 1
4 285 1
110 282 1
12 131 1
21 466 1
277 193 1
183 421 1
212 61 1
141 70 1
51 343 1
84 164 1
469 103 1
428 24 1
199 13 1
97 271 1
324 241 1
403 276 1
1 88 1
320 164 1
28 446 1
24 287 1
34 414 1
377 322 1
268 170 1
283 407 1
339 392 1
205 293 1
0 280 1
136 195 1
454 407 1
52 284 1
115 291 1
378 395 1
213 66 1
55 241 1
33 459 1
314 443 1
431 282 1
170 293 1
328 415 1
289 56 1
22 380 1
108 207 1
384 107 1
467 294 1
468 95 1
29 488 1
202 17 1
299 155 1
489 190 1
316 153 1
415 104 1
492 98 1
216 102 1
94 459 1
87 215 1
476 425 1
382 177 1
438 442 1
56 33 1
15 495 1
183 227 1
448 303 1
278 144 1
221 263 1
319 316 1
473 371 1
105 206 1
351 415 1
390 4 1
222 177 1
227 175 1
362 138 1
289 398 1
444 80 1
494 438 1
325 215 1
127 250 1
394 134 1
56 460 1
94 412 1
284 3 1
2 34 1
411 302 1
333 35 1
153 313 1
76 479 1
5 75 1
229 244 1
326 252 1
52 270 1
436 36 1
244 333 1
422 288 1
186 409 1
30 60 6
0 1 1
1 2 1
2 3 1
3 4 1
4 5 1
5 6 1
6 7 1
7 8 1
8 9 1
9 10 1
10 11 1
11 12 1
12 13 1
13 14 1
14 15 1
15 16 1
16 17 1
17 18 1
18 19 1
19 20 1
20 21 1
21 22 1
22 23 1
23 24 1
24 25 1
25 26 1
26 27 1
27 28 1
28 29 1
29 0 1
22 15 1
6 25 1
5 24 1
16 23 1
1 27 1
4 23 1
25 20 1
3 7 1
22 2 1
4 17 1
7 13 1
7 17 1
16 19 1
4 24 1
10 25 1
3 26 1
14 8 1
26 6 1
24 26 1
16 26 1
19 17 1
4 2 1
6 19 1
4 26 1
17 24 1
13 6 1
4 6 1
27 19 1
9 14 1
5 27 1
6 12 2
0 1 1
1 2 1
2 3 1
3 4 1
4 5 1
5 0 1
1 3 1
0 2 1
4 1 1
5 1 1
0 3 1
2 5 1