32
10 5
-1.8409314249092073e+001  3.2348704489272739e+000
 5.8957518234809413e+001 -4.5123752555925165e+000
 5.3280800805688649e+001  2.0132084109012116e+001
 4.0739951780755028e+001 -2.6831232642597733e+001
 1.1217902157658621e+001  2.7494979705191199e+001
-3.2842310861537527e+001 -1.0567339091158788e+001
-1.6957487716299934e+001  3.9950865199743664e+000
 4.6366893520920442e+001  2.2882473220007933e+000
 4.4793115024262214e+001  4.7050813318277534e+001
-1.1615497299111912e+001  2.6680043946653644e+001
10 3
 2.1824640644550922e+001  2.8820276497695854e+001
-5.5280922879726582e+000  9.7923825800347899e+000
-2.7734366893520921e+001  8.8130283516953028e+001
-5.2035981322672200e+001  9.8672841578417305e+001
 6.4424237800225839e+001  5.1377483443708606e+001
 4.7858851893673510e+001  6.3675740836817532e+001
-7.8539384136478780e+000  1.4299020355845821e+001
 1.0449476607562486e+001 -2.8402630695516827e+001
-1.7547807245094148e+001 -5.9514206366161076e+001
 3.8619251075777463e+001  3.3409863582262645e+001
10 2
-3.5567796868800947e+000  9.7186284981841496e+001
 1.0855513168736839e+002  5.3672627948850980e+001
 4.5660664693136390e+001  6.1725211340678122e+001
-3.6651844843897827e+001  1.0023789178136539e+002
 5.8770775475325784e+001  2.8542161320841089e+001
-4.6963591418195136e+001  1.4244544816431166e+001
 6.9988677632984405e+001 -4.7426282540360731e+001
-8.8392712179937121e+001  4.0609118930631425e+001
-1.4366618854335155e+001  6.9305612353892627e+001
 3.0481429486983856e+001  1.7430036317026274e+000
10 5
 3.1410596026490065e+001  6.1219855342265085e+001
-4.6733603930784021e+001  4.0131473738822592e+001
 3.7543473616748557e+001 -2.4825617236854150e+001
-4.0247810296945097e+001 -1.1516617328409680e+001
 2.2692953276161994e+001  6.0591143528550084e+000
 2.3887356181524094e+001  4.5252235480819117e+001
 4.2564928128910189e+001  1.6294930875576036e+001
 3.9626941740165407e+001  1.6269569994201483e+001
-1.5484328745384076e+001 -1.6746482741782891e+001
 2.3241615039521470e+001  7.0075319681386759e+001
10 3
 5.6885341959898682e+001 -1.4220038453321941e+001
-1.8206732383190406e+001  9.2980498672444838e+001
 3.4816125980407122e+000  7.7230140079958494e+000
 4.1732902005066073e+001  5.6869045075838500e+001
 7.4082888271736806e+001  9.7346018860438861e+001
-4.4653340250862144e+001 -3.4040040284432507e+001
 1.8388317514572588e+001  3.2755088961455122e+001
-6.3617603076265752e+001  3.3337504196295065e+000
 9.0473036896877943e+000 -1.0260750144962923e+001
 2.5311929685354169e+001  3.7808313241981260e+001
10 4
-4.5465193639942626e+001  3.1615894039735100e+001
-4.2517685476241340e+001  4.5556627094332711e+001
-3.5895901364177377e+001  4.6097140415662096e+001
-3.6986693929868466e+001  4.2335093234046447e+001
-1.4591906491286966e+001  5.3636066774498737e+001
 9.4340952787865842e+000 -1.8700338755455185e+001
-1.4956480605487229e+001  1.2853480636005738e+001
-1.9647541734061708e+001  6.2597766045106354e+001
 5.0276192510757767e-001  3.7238837855159154e+001
 1.1022125919370097e+001 -3.1916989654225286e+001
10 2
 2.2636463515121921e+001 -1.3716971343119599e+001
-2.1673024689474168e+001  2.2868617816705832e+001
 7.2007843256935331e+001  3.2469832453382978e+001
 2.7893032624286629e+001  8.8362620929593788e+001
 4.6624073000274663e+001 -6.3872005371257657e+001
-5.1242347483748901e+001  2.3741874446852016e+001
-4.3829065828424937e+001  8.7182592242194886e+001
 2.0469344157231362e+001 -8.1043946653645435e+001
 9.0810388500625635e+001 -1.3116153447065649e+001
-6.0243659779656355e+001 -2.2556199835200051e+001
10 5
 2.2021576586199529e+001  1.3405896176030764e+001
-4.1718436231574444e+001  5.5047853022858369e+001
-5.3371929074983981e+001  1.5230079042939543e+001
 8.5402691732535786e+001  3.2710104678487504e+001
 6.8036530655842768e+001  4.3309762871181377e+001
 3.2710318308053836e+001  5.1746208075197607e+001
 8.1947447126682334e+001 -1.8964537491988892e+001
-5.4756675923947874e+001  2.0433668019653908e+000
-7.9518478957487716e+001  8.0096987823114716e+001
-6.8376842555009617e+001 -2.5959624011963257e+001
10 2
-3.0196935941648611e+001  4.9615680410168764e+001
 5.7799523911252173e+001  4.0547318948942532e+001
 2.2924802392651145e+001  5.4380230109561445e+001
-1.1886074404126104e+001  7.1779534287545403e+001
 2.0993346964934233e+001 -4.3292428357799004e+001
 6.7946958830530718e+001  1.6187749870296336e+001
-2.2080904568620870e+001  7.8674886318552197e+001
 2.1474623859370709e+001  2.4473403118991669e+001
-1.4200598162785729e+001 -3.6813135166478467e+001
-3.0709433271279032e+001 -2.8742057557908872e+001
10 5
-3.6154789880062260e+001 -6.4483230079042940e+001
-7.3882869960631119e+000 -1.4207922605059967e+001
 3.4048951689199498e+001  7.9294259468367557e+001
-6.5597766045106354e+001  7.8662068544572278e+001
-5.9688894314401686e+001  7.8763542588579980e+001
-4.2450605792413093e+001  7.2305673390911593e+000
 4.3871425519577620e+001  7.9392773216956087e+001
-3.7324930570390940e+001  4.8323404644917140e+001
-5.3202002014221627e+001  7.7297799615466772e+001
 4.6950895718253118e+000  4.3781914731284523e+001
10 5
-1.0345225379192478e+001  5.7341380046998502e+001
 6.8355052339243745e+000 -3.1191625720999788e+001
 8.0032044434949796e+000 -2.9236915189062167e+001
-2.5001281777397992e+001  3.7675283059175392e+001
-1.6486434522537920e+001  4.9313394573809013e+001
 6.7527024140140995e+001 -3.3653920102542195e+001
 2.2589403973509935e+001 -1.4003631702627644e+001
-2.8519333475753044e+001  2.2447340311899168e+001
-3.4496688741721854e+001 -1.0479598376415296e+001
-2.0008331553086947e+001  1.2036317026276436e+001
10 5
 5.1926236762596517e+001 -3.7415143284401992e+001
 2.7002746665852840e+001  1.1743522446363720e+001
 4.0923337504196297e+001  3.3428601947080907e+001
-3.3685415204321423e+001  1.3532242805261390e+001
 4.6784081545457319e+001 -4.6643055513168733e+001
-2.6766136661885433e+001  8.0168004394665374e+001
-5.4803918576616717e+001  5.3664601580858793e+001
 7.5496688741721840e-001  9.6145329142124694e+001
-4.0189245277260660e+001 -5.2386028626361892e+001
 2.7031495101779228e+001 -6.1243140964995277e+001
10 5
-2.5320780053102204e+001  4.8842127750480664e+001
 7.3869441816461681e+000 -9.0777916806543146e+000
 1.4554460280159917e+001 -2.8284554582354193e-001
 6.3799127170628985e+001  2.1167546617023227e+001
 3.1139439069795831e+001 -7.0027466658528397e+001
 2.7582201605273600e+001 -2.3968535416730248e+001
-2.9791070284127322e+001 -2.2868099002044744e+001
 8.2518478957487716e+001 -5.3074373607593003e+001
 2.1791436506241038e+001  4.8877620777001255e+001
 3.6836909085360276e+001 -6.0724478896450698e+001
10 2
-5.2646534623248996e+001  8.4374797814874725e+001
-1.0089053010650961e+001  1.4404980620746482e+001
-3.7939420758690147e+001 -3.7663747062593465e+001
 5.6057100131229589e+001 -3.8710196234015932e+001
 4.5517715994750816e+001 -5.7743217261268953e+001
-5.5977477340006715e+001 -5.8544114505447553e+001
 6.3510055848872341e+001  2.1107303079317607e+001
-3.9990142521439253e+001  4.5556901760917995e+001
-3.4935544907986696e+001 -3.2560136722922451e+001
-6.2882045960875274e+001  3.7260750144962920e+001
10 4
 5.2951963866084782e+001  8.2465041047395246e+001
-2.4556566057313763e+001 -1.6332621234778891e+001
-2.8647450178533283e+001 -5.1369426557206950e+001
-4.3363231299783315e+001  5.1611377300332650e+000
 1.2951445051423689e+000 -4.1196905423139135e+001
 3.3185827204199342e+001  5.2390820032349623e+000
-5.1863246559038053e+001  5.5120548112430185e+001
-3.1450056459242532e+001 -2.6916409802545239e+001
-1.9798028504287853e+001  4.4846980193487347e+001
-1.2193884090701008e+001  2.3571245460371717e+001
10 4
-5.3580370494705036e+001 -3.4940824610126043e+001
 9.2916898098696862e+001 -5.9713888973662534e+001
-5.7953856013672294e+001  4.2300210577715390e+001
-2.9731376079592266e+001 -5.6409649952696313e+001
-1.3357158116397592e+001  5.7309183019501326e+001
-7.3397961363567006e+001 -1.6636524552140877e+001
-6.6026154362620929e+001  3.3955717642750329e+001
 3.8926084170049137e+001 -5.6054689168980985e+001
-2.6934080019531844e+001 -4.5001434369945372e+001
 3.0445417645802181e+001  7.6954069643238626e+001
10 4
 6.2699362163151955e+000  5.3145908993804738e+001
-2.3984344004638814e+001 -4.4464644306772058e+001
-9.1620838038270236e+000  1.2877285073397015e+001
 2.2445204016235849e+001  2.7395672475356303e+001
-1.1212317270424514e+001 -4.1834406567583244e+001
 2.0235114597003083e+001  1.3833704641865291e+001
 1.0712271492660300e+001  4.5764763328959013e+001
-1.3103610339671011e+001  3.4489577929013947e+001
 2.0708456678975800e+001  4.8684713278603475e+001
-2.1151005584887233e+001 -3.7024567400128177e+001
10 4
 6.0861232337412643e+000 -5.8976317636646627e+001
-6.4511673329874569e+001  1.0595397808771020e+002
 1.1202154606769005e+001  9.8271645252845857e+001
-5.3544389172032837e+001 -6.0509048738059645e-001
-3.6083223975341049e+001 -5.7600207525864434e+001
 9.2463728751487778e+001  1.1108188116092411e+001
 7.2854091006195262e+001 -5.7928067873165077e+001
 4.6863246559038053e+001 -3.0034180730613123e+001
 1.2961668752098147e+001 -2.4310983611560410e+001
-4.6402508621478930e+001 -3.5795251319925541e+001
20 5
-1.6375621814630573e+001 -2.8180150761436810e+001
-4.4496597186193423e+000  5.4777245399334696e+001
 4.6178594317453538e+001 -5.2776757103183080e+001
-1.7904660176396984e+001  4.2669576097903374e+001
-1.9356303598132271e+001 -1.1824701681569874e+000
 2.2070925016022215e+001  5.3974608600115971e+001
-2.7213812677388834e+001 -3.5209295937986390e+001
 2.4751304666280099e+001  4.0009308145390179e+001
 4.9848933378093818e+000  1.0219275490585041e+001
-3.9637623218482005e+001  4.1408612323374129e+001
-3.3856624042481762e+001  1.4329599902340769e+001
 3.9199316385387739e+001  5.9489730521561327e+001
-5.5407879879146700e+000  7.2157383953367713e+001
 6.2546891689809868e+001  4.3629871517075102e+001
-3.4464644306772058e+001 -3.4810205389568779e+001
 4.4318887905514693e+001  1.6643971068453016e+001
 9.4682149723807498e+000  2.7459944456312755e+001
 1.3543656727805415e+001  5.6157383953367720e+001
-4.2743278298287912e+001  4.0281960509048737e+001
 4.3526322214423047e+001  8.0231025116733292e+000
20 5
 1.0128946806237984e+002  2.7942991424298839e+001
 5.7979461043122654e+001  4.6885647144993442e+001
 3.4188055055391096e+000 -9.1391338847010726e+000
-5.7169591357158112e+001  8.3689657277138579e+001
 7.8779900509659115e+001  3.9058565019684437e+001
 3.7435834833826718e+000 -7.5437879573961609e+001
-4.3471205786309397e+001  2.7229529709768974e+000
 1.0738486892300180e+001  3.9410748619037449e+001
-4.6503585924863430e+001 -9.6491592150639374e+000
-1.2179815057832577e+001 -3.8909268471327863e+001
-6.4459242530594807e+001  6.6800225836970128e+001
-6.0583300271614732e+001 -4.9755363628040406e+001
 1.9161473433637500e+001 -4.9623859370708331e+001
 5.0456648457289347e+001  9.2797845393230986e+001
 9.1792352061525317e+000 -7.2799157689138454e+001
 1.7798486281929989e+001  5.8404339732047482e+001
-6.9326090273751021e+001 -3.9260170293282876e+001
 2.1608539078951384e+001  4.8975676747947631e+001
 6.1147923215430154e+001  8.7738364818262269e+001
 5.6369731742301710e+001 -6.2426587725455491e+001
20 3
 2.7556443983275859e+001 -4.5044862208929715e+001
-6.5340128788109997e-001 -4.4023712881862849e+001
 8.7394024475844603e+000  2.1779168065431683e+001
-2.6881008331553090e+001  2.4698751792962433e+001
-4.3772331919309060e+001 -1.9769280068361461e+001
-1.1195806756797998e+001 -1.2151860103152563e+000
-3.3979186376537371e+001 -1.6652912991729487e+001
 1.0434492019409772e+001  4.0705832087160857e+001
 5.1326517532883699e+001 -4.2171727652821438e+001
 2.4310586870937222e+001 -2.7644459364604632e+001
-1.8903042695394760e+001  3.3561204870754047e-001
 4.3922574541459390e+001  2.1638935514389477e+001
 4.1442060609759821e+001  3.0580248420667136e+001
 2.8249336222418897e+001 -2.5539689321573533e+001
-2.5799432355723745e+001 -1.2961302529984437e+001
-3.2659871211890014e+001  2.6288521988586076e+001
 7.0469649342326122e+001  1.1048890652180548e+001
 3.3394451734977260e+001  3.5763603625598925e+001
 4.4078096865749075e+001 -1.0302133243812372e+001
 3.9087038789025542e+001 -3.4323252052369781e+000
20 4
-3.4252754295480212e+000 -1.8616595965453048e+001
 6.5512131107516709e+001  1.6840021973326820e+001
 3.3211615344706559e+001  2.5169255653553883e+001
 3.0336741233558154e+001 -1.4271980956450072e+000
-4.3659413434247867e+001 -6.8049867244483799e+000
-2.2855830561235390e+001  1.9025788140507217e+001
-4.7091891232032168e+000 -1.2763237403485213e+001
-5.2541367839594713e+001  5.4298593096713155e+001
 5.6917844172490611e+001  1.0437849055452130e+001
-9.5904416028321187e+000  4.0687032685323643e+001
-5.6991485335856211e+000 -3.9644978179265728e+001
 7.4204687643055507e+001  7.6679067354350423e+001
-1.3590777306436358e+001  4.6844996490371415e+001
 3.8811304055909915e+001 -1.0038178655354473e+001
-3.3482406079287088e+001 -1.3421033356730860e+001
-4.6331858272041991e+001  4.6071291238135935e+001
 3.6884517960142830e+001  6.9911496322519611e+001
 6.2422772911770991e+001  5.9863063447981197e+001
-5.1653492843409516e+000  1.7379375591296122e+000
 4.7729972228156377e+001  6.1534958952604754e+001
20 4
 3.6507675405133213e+001  5.9511368144779809e+001
-4.1194799645985292e+001  1.4940641499069187e+000
 1.3397167882320627e+001 -3.8849757377849681e+000
 2.1266823328348643e+000  5.0172521134067807e+001
 2.4340678121280554e+001  8.1613361003448588e+001
-2.7866389965514088e+001 -5.2047364726706746e+001
 5.1860011597033598e+001  2.6891262550737022e+001
 4.5717123935666983e+001  2.8265755180516983e+001
 1.5055909909360027e+001  9.7921994689779357e+000
 5.9613544114505451e+001  8.2066103091525008e+001
-4.2728873561815234e+001 -9.5504623554185564e-001
-6.4915921506393630e+000 -1.5402966399121066e+001
-4.9107333597827107e-001 -1.9058870204779200e+001
 5.8173162022766807e+000  6.1580126346629228e+001
-5.6911679433576467e+001 -2.0603106784264654e+001
-2.4521164586321603e+001  1.5868068483535264e+001
 1.0624317148350475e+001 -2.8455946531571399e+001
-7.4762718588824129e+000  4.8139286477248447e+001
-3.8472396008178961e+001  4.4889645069734797e+001
 3.4279641102328561e+001 -5.3479079561754205e+001
20 4
 2.1506454664754173e+001 -3.6310983611560417e+001
 7.3777306436353655e+001  1.0060026856288339e+002
-1.3693899349955746e+001  2.4249458296456801e+001
-4.9279000213629566e+001  2.0332071901608323e+001
 7.0650837733085112e+001 -3.5874233222449412e+001
-3.5842188787499616e+001  8.5404187139500110e+001
 7.3876522110660119e+001  5.5737418744468521e+001
 9.0853907895138413e+000  3.2013183996093630e+001
-6.3678365428632475e+001  2.2989226966154973e+001
 7.5587328714865567e+000  4.9576616718039489e+001
 2.6407544175542466e+001  8.9630512405774098e+001
 6.6988586077455977e+001  1.5985564745017854e+001
 6.9726218451490837e+001 -1.9756279183324686e+001
-9.5199438459425636e+000 -5.2859431745353554e+001
-4.6831843012787253e+001 -2.7812738425855279e+001
-5.7981383709219642e+001  8.6778160954618983e+001
 7.7735679189428396e+001 -3.9838557084871979e+001
-1.2120670186468093e+001  7.4552842799157688e+001
 5.4493881038850063e+001  2.9726432081057162e+001
 4.3867458113345741e+001  8.9466963713492234e+001
10 5
 7.6286812952055421e+000 -9.0981505783257546e+001
-8.7286294137394336e+000 -2.8288979766228216e+001
-1.9236823633533739e+001  5.8547257911923580e+001
 7.6425794244209115e+001  9.2929898983733636e+001
 4.3685262611774036e+001  9.6120670186468104e+001
 1.2284249397259437e+001  5.7045350505081331e+001
-4.9010071108127079e+001  1.2051301614429152e+001
 5.5672139652699357e+001 -5.6867946409497357e+001
 5.3512863551744132e+001  2.7457502975554675e+001
-8.4438032166508989e+001  5.7219244972075565e+001
10 4
 4.8875209814752644e+001  9.0594378490554533e+001
-4.6932096316415908e+001  7.4151524399548322e+001
 4.2330942716757711e+001  4.4356730857264935e+001
 2.0682393871883296e+000  2.4834131900997956e+000
 1.7559007538071842e+001  1.1396475112155522e+002
 9.8498184148686185e+000  7.7743522446363727e+001
 5.2143620105594039e+001  8.7682363353373830e+001
 6.9354533524582649e+001 -2.2914334543900878e+001
 2.7844141972106083e+001 -2.7221686452833644e+001
 6.8303415021210370e+001 -4.3419385357219156e+001
20 4
 1.0964232306894132e+001 -4.9867397076326796e+001
 8.9724265266884373e+001  6.9602374340037230e+001
 9.2449507126071964e+001  1.0057646412549211e+002
 1.0515070039979247e+002 -1.6088656270027773e+001
 7.1012359996337779e+001 -7.7793511764885409e+001
-4.9759300515762803e+001 -4.5586474196600243e+001
-9.0878902554399232e+001  6.3952177495651114e+001
 8.6729331339457374e+001 -7.4639790032654815e+001
-3.0524643696401867e+001 -5.3698629718924536e+001
 5.7187719351786853e+001  7.6946562089907530e+001
-1.5080080568865018e+001 -1.5753349406414991e+001
 9.7599536118655962e+001 -4.8235633411664175e+001
-5.7678884243293552e+001 -8.9806146427808471e+001
-7.2119205298013242e+001 -7.3119449446089050e+001
 9.5845362712485112e+001 -4.0371898556474505e+001
 3.5980986968596454e+001 -9.9860530411694697e+000
-7.0866817224646738e+001  5.3679525131992555e+001
-6.5874355296487323e+001  5.4875972777489544e+001
 5.8171941282387770e+001 -9.5398113956114372e+000
 5.8310312204351945e+001 -7.9344004638813445e+001
20 4
-7.5435163426618246e+001  7.6476180303353999e+001
 1.2211493270668660e+001 -2.2708822901089514e+000
 1.1436808374279001e+002 -8.2192052980132445e+001
 4.9621875667592391e+001  3.8019226660969878e+001
 8.5229651783806872e+000 -2.5504379406109805e+001
 8.4107669301431315e+001  6.5592181157872261e+001
 6.4535782952360606e+001  3.9933988464003420e+001
-7.0446485793633826e+000  8.0662678914761813e+001
-7.9842555009613321e+001  2.2380474257637257e+001
-5.0973937192907492e+001 -7.1431531723990602e+001
 5.2486861781670584e+001  9.6064943388164927e+000
-7.2844904934842972e+001 -9.1862849818414873e+001
-5.3592394787438579e+001 -8.8423200170903655e+001
 2.2640461439863278e+000 -6.4937406537064732e+001
-7.8565904721213414e+001  1.5043580431531723e+001
-8.3758812219611201e+001 -6.7914975432599874e+001
 1.2734907071138646e+002  7.6253791924802385e+001
-5.8996581926938688e+001  3.5566759239478742e+001
 9.9673360393078411e+001  9.3671651356547756e+001
-6.0078402050843835e+001  7.9440717795342877e+001
20 4
-5.5512771996215704e+001  1.1850520340586566e+001
 1.0300756859035005e+002 -5.5656575212866599e+001
 8.2912961210974458e+001 -4.2383159886471141e+001
-5.3026490066225165e+001  8.5480605487228004e+001
-1.2542100283822137e+001  2.2316934720908229e+001
-5.1603595080416270e+001 -6.3548722800378428e+001
-7.0982024597918638e+001 -7.6074739829706715e+001
 2.1868495742667928e+001  1.8640491958372753e+001
 7.6810785241248823e+001  3.3070955534531691e+001
-5.7596972563859978e+000  4.8100283822138131e+001
-3.8239356669820246e+001  6.8849574266792814e+001
 3.0655629139072847e+001  5.4935666982024600e+001
-5.3719962157048251e+001 -8.1825922421948896e+000
 5.0000000000000000e+001  6.1975402081362340e+001
 9.7594134342478711e+001 -8.7225165562913915e+001
-4.6927152317880790e+001 -1.9706717123935675e+000
 1.6692526017029330e+001  5.0616840113528852e+001
-8.8845789971617783e+000  9.7744560075685911e+001
-7.9858088930936617e+000  6.7622516556291387e+001
 8.2263954588457892e+001 -4.7281929990539268e+001
20 3
-6.0030426953947568e+001  1.0712485122226632e+001
 7.0975981933042391e+001 -4.5947843867305522e+001
-1.6381908627582629e+001  8.3762443922238845e+001
 5.7023224585711233e+001 -5.7405835139011799e+001
 7.8115298928800314e+001 -6.9775078585161893e+001
 5.3902096621600997e+000 -6.3244270149845875e+001
 4.0153874324777981e+001  7.5471175267799921e+001
-4.7338602862636186e+001  1.5200506607257303e+001
-6.5803704947050381e+000 -4.4100466933194980e+001
 6.6274422437208173e+001  6.8544663838618121e+001
-6.0636066774498730e+001 -1.6449262977996153e+001
 3.4764213995788445e+001  4.4075045014801475e+001
-2.9712546159245584e+001  1.6833429975280005e+001
 1.8534134952848902e+001 -4.9118442335276349e+001
-2.8362987151707514e+001  3.8098696859645372e+001
-5.0461714529862363e+001 -3.5402081362346252e+000
 4.8293923764763328e+001  6.4620960112308126e+001
 2.9582262642292552e+001  4.8734794152653585e+001
 6.8371654408398683e+001 -6.1311471907712026e+001
 4.8090395825067901e+001 -1.1623615222632527e+001
20 2
 2.2144444105349894e+001  1.3712881862849819e+000
-8.7964110232856214e+000 -4.2080965605639825e+001
 6.4531418805505538e+001  5.9101748710592972e+001
 3.5457930234687334e+000  3.3361308633686342e+000
 2.0112918485061186e+000  3.3783928952909939e+001
-6.5905941953794979e+001  6.5429853205969422e+001
 6.5351084933011876e+001 -6.8435285500656150e+001
 1.5887295144505142e+001  4.7392284920804471e+001
-5.7521134067812127e+001  8.5750602740562147e+000
-5.7271645252845857e+000  7.8835413678395952e+001
 7.8491500595110935e+001  6.8502853480636006e+001
 6.6740318002868761e+000 -3.0304757835627306e+001
-2.6320993682668540e+001 -1.4269234290597254e+001
-1.0160313730277412e+001 -3.9617267372661523e+001
 3.9156834620197145e+001 -8.6946928312021257e+000
 4.6287667470320748e+001  1.2851710562456130e+001
-3.4219550157170325e+001 -3.4368816187017430e+001
 5.8344431897946102e+001 -3.6352244636371957e+001
 7.8807641834772795e+001  3.1642872402111880e+001
 6.6541825617236853e+001  2.6727591784417250e+001
10 5
-9.1200598162785731e+000 -3.2421918393505663e+001
-6.5274513992736605e+000  1.8155095065157017e+001
 6.1446272164067501e+000  5.5033326212347788e+001
-4.5524033326212347e+001  5.2323862422559280e+001
-2.2303994872890410e+001 -1.6790856654560994e+001
 1.5953215124973296e+001  4.9464003418073062e+001
 6.4252723776970726e+001  1.7169194616534931e+001
-6.2553727835932492e+001 -4.1797692800683620e+001
-3.4749412518692587e+001  1.1328775902584917e+001
-1.8039735099337747e+001  5.6610126041444140e+001